1.000000E-01     1.100000E+00
2.000000E-01     1.179000E+00
3.000000E-01     1.236210E+00
4.000000E-01     1.271058E+00
5.000000E-01     1.283195E+00
6.000000E-01     1.272501E+00
7.000000E-01     1.239081E+00
8.000000E-01     1.183271E+00
9.000000E-01     1.105627E+00
1.000000E+00     1.006928E+00
1.100000E+00     8.881592E-01
1.200000E+00     7.505089E-01
1.300000E+00     5.953535E-01
1.400000E+00     4.242446E-01
1.500000E+00     2.388933E-01
1.600000E+00     4.115295E-02
1.700000E+00     -1.669989E-01
1.800000E+00     -3.834807E-01
1.900000E+00     -6.061278E-01
2.000000E+00     -8.327135E-01
2.100000E+00     -1.060972E+00
2.200000E+00     -1.288621E+00
2.300000E+00     -1.513384E+00
2.400000E+00     -1.733013E+00
2.500000E+00     -1.945311E+00
2.600000E+00     -2.148157E+00
2.700000E+00     -2.339521E+00
2.800000E+00     -2.517490E+00
2.900000E+00     -2.680284E+00
3.000000E+00     -2.826275E+00
3.100000E+00     -2.954003E+00
3.200000E+00     -3.062191E+00
3.300000E+00     -3.149758E+00
3.400000E+00     -3.215827E+00
3.500000E+00     -3.259737E+00
3.600000E+00     -3.281050E+00
3.700000E+00     -3.279553E+00
3.800000E+00     -3.255260E+00
3.900000E+00     -3.208415E+00
4.000000E+00     -3.139485E+00
4.100000E+00     -3.049161E+00
4.200000E+00     -2.938345E+00
4.300000E+00     -2.808145E+00
4.400000E+00     -2.659864E+00
4.500000E+00     -2.494985E+00
4.600000E+00     -2.315155E+00
4.700000E+00     -2.122174E+00
4.800000E+00     -1.917971E+00
4.900000E+00     -1.704589E+00
5.000000E+00     -1.484161E+00
5.100000E+00     -1.258891E+00
5.200000E+00     -1.031032E+00
5.300000E+00     -8.028626E-01
5.400000E+00     -5.766648E-01
5.500000E+00     -3.547004E-01
5.600000E+00     -1.391889E-01
5.700000E+00     6.771443E-02
5.800000E+00     2.639406E-01
5.900000E+00     4.475274E-01
6.000000E+00     6.166390E-01
6.100000E+00     7.695841E-01
6.200000E+00     9.048334E-01
6.300000E+00     1.021034E+00
6.400000E+00     1.117025E+00
6.500000E+00     1.191845E+00
6.600000E+00     1.244747E+00
6.700000E+00     1.275202E+00
6.800000E+00     1.282904E+00
6.900000E+00     1.267777E+00
7.000000E+00     1.229973E+00
7.100000E+00     1.169869E+00
7.200000E+00     1.088066E+00
7.300000E+00     9.853827E-01
7.400000E+00     8.628454E-01
7.500000E+00     7.216796E-01
7.600000E+00     5.632971E-01
7.700000E+00     3.892816E-01
7.800000E+00     2.013732E-01
7.900000E+00     1.451152E-03
8.000000E+00     -2.084854E-01
8.100000E+00     -4.263372E-01
8.200000E+00     -6.499255E-01
8.300000E+00     -8.770146E-01
8.400000E+00     -1.105334E+00
8.500000E+00     -1.332599E+00
8.600000E+00     -1.556539E+00
8.700000E+00     -1.774913E+00
8.800000E+00     -1.985538E+00
8.900000E+00     -2.186308E+00
9.000000E+00     -2.375215E+00
9.100000E+00     -2.550369E+00
9.200000E+00     -2.710020E+00
9.300000E+00     -2.852570E+00
9.400000E+00     -2.976595E+00
9.500000E+00     -3.080854E+00
9.600000E+00     -3.164305E+00
9.700000E+00     -3.226112E+00
9.800000E+00     -3.265658E+00
9.900000E+00     -3.282548E+00
1.000000E+01     -3.276612E+00
1.010000E+01     -3.247910E+00
1.020000E+01     -3.196729E+00
1.030000E+01     -3.123581E+00
1.040000E+01     -3.029197E+00
1.050000E+01     -2.914521E+00
1.060000E+01     -2.780699E+00
1.070000E+01     -2.629071E+00
1.080000E+01     -2.461152E+00
1.090000E+01     -2.278621E+00
1.100000E+01     -2.083305E+00
1.110000E+01     -1.877155E+00
1.120000E+01     -1.662234E+00
1.130000E+01     -1.440690E+00
1.140000E+01     -1.214739E+00
1.150000E+01     -9.866413E-01
1.160000E+01     -7.586769E-01
1.170000E+01     -5.331257E-01
1.180000E+01     -3.122433E-01
1.190000E+01     -9.823846E-02
1.200000E+01     1.067488E-01
1.210000E+01     3.006685E-01
1.220000E+01     4.815816E-01
1.230000E+01     6.476788E-01
1.240000E+01     7.972993E-01
1.250000E+01     9.289467E-01
1.260000E+01     1.041305E+00
1.270000E+01     1.133250E+00
1.280000E+01     1.203862E+00
1.290000E+01     1.252436E+00
1.300000E+01     1.278485E+00
1.310000E+01     1.281750E+00
1.320000E+01     1.262197E+00
1.330000E+01     1.220022E+00
1.340000E+01     1.155647E+00
1.350000E+01     1.069716E+00
1.360000E+01     9.630870E-01
1.370000E+01     8.368274E-01
1.380000E+01     6.921995E-01
1.390000E+01     5.306497E-01
1.400000E+01     3.537933E-01
1.410000E+01     1.633991E-01
1.420000E+01     -3.862920E-02
1.430000E+01     -2.502712E-01
1.440000E+01     -4.694104E-01
1.450000E+01     -6.938556E-01
1.460000E+01     -9.213622E-01
1.470000E+01     -1.149655E+00
1.480000E+01     -1.376452E+00
1.490000E+01     -1.599484E+00
1.500000E+01     -1.816521E+00
1.510000E+01     -2.025392E+00
1.520000E+01     -2.224010E+00
1.530000E+01     -2.410388E+00
1.540000E+01     -2.582662E+00
1.550000E+01     -2.739110E+00
1.560000E+01     -2.878166E+00
1.570000E+01     -2.998440E+00
1.580000E+01     -3.098731E+00
1.590000E+01     -3.178033E+00
1.600000E+01     -3.235556E+00
1.610000E+01     -3.270723E+00
1.620000E+01     -3.283183E+00
1.630000E+01     -3.272811E+00
1.640000E+01     -3.239710E+00
1.650000E+01     -3.184213E+00
1.660000E+01     -3.106874E+00
1.670000E+01     -3.008466E+00
1.680000E+01     -2.889973E+00
1.690000E+01     -2.752580E+00
1.700000E+01     -2.597662E+00
1.710000E+01     -2.426767E+00
1.720000E+01     -2.241604E+00
1.730000E+01     -2.044026E+00
1.740000E+01     -1.836007E+00
1.750000E+01     -1.619628E+00
1.760000E+01     -1.397052E+00
1.770000E+01     -1.170507E+00
1.780000E+01     -9.422558E-01
1.790000E+01     -7.145823E-01
1.800000E+01     -4.897631E-01
1.810000E+01     -2.700462E-01
1.820000E+01     -5.762887E-02
1.830000E+01     1.453648E-01
1.840000E+01     3.369047E-01
1.850000E+01     5.150757E-01
1.860000E+01     6.780958E-01
1.870000E+01     8.243351E-01
1.880000E+01     9.523309E-01
1.890000E+01     1.060803E+00
1.900000E+01     1.148668E+00
1.910000E+01     1.215046E+00
1.920000E+01     1.259273E+00
1.930000E+01     1.280908E+00
1.940000E+01     1.279733E+00
1.950000E+01     1.255762E+00
1.960000E+01     1.209232E+00
1.970000E+01     1.140611E+00
1.980000E+01     1.050583E+00
1.990000E+01     9.400492E-01
2.000000E+01     8.101151E-01
2.010000E+01     6.620798E-01
2.020000E+01     4.974237E-01
2.030000E+01     3.177934E-01
2.040000E+01     1.249851E-01
2.050000E+01     -7.907296E-02
2.060000E+01     -2.923403E-01
2.070000E+01     -5.126843E-01
2.080000E+01     -7.379014E-01
2.090000E+01     -9.657395E-01
2.100000E+01     -1.193920E+00
2.110000E+01     -1.420162E+00
2.120000E+01     -1.642202E+00
2.130000E+01     -1.857820E+00
2.140000E+01     -2.064859E+00
2.150000E+01     -2.261250E+00
2.160000E+01     -2.445029E+00
2.170000E+01     -2.614357E+00
2.180000E+01     -2.767542E+00
2.190000E+01     -2.903051E+00
2.200000E+01     -3.019530E+00
2.210000E+01     -3.115814E+00
2.220000E+01     -3.190939E+00
2.230000E+01     -3.244155E+00
2.240000E+01     -3.274929E+00
2.250000E+01     -3.282954E+00
2.260000E+01     -3.268150E+00
2.270000E+01     -3.230664E+00
2.280000E+01     -3.170872E+00
2.290000E+01     -3.089370E+00
2.300000E+01     -2.986975E+00
2.310000E+01     -2.864711E+00
2.320000E+01     -2.723799E+00
2.330000E+01     -2.565649E+00
2.340000E+01     -2.391843E+00
2.350000E+01     -2.204118E+00
2.360000E+01     -2.004352E+00
2.370000E+01     -1.794543E+00
2.380000E+01     -1.576788E+00
2.390000E+01     -1.353265E+00
2.400000E+01     -1.126210E+00
2.410000E+01     -8.978921E-01
2.420000E+01     -6.705957E-01
2.430000E+01     -4.465933E-01
2.440000E+01     -2.281250E-01
2.450000E+01     -1.737551E-02
2.460000E+01     1.835478E-01
2.470000E+01     3.726356E-01
2.480000E+01     5.479971E-01
2.490000E+01     7.078785E-01
2.500000E+01     8.506813E-01
2.510000E+01     9.749771E-01
2.520000E+01     1.079523E+00
2.530000E+01     1.163274E+00
2.540000E+01     1.225392E+00
2.550000E+01     1.265257E+00
2.560000E+01     1.282468E+00
2.570000E+01     1.276855E+00
2.580000E+01     1.248474E+00
2.590000E+01     1.197607E+00
2.600000E+01     1.124765E+00
2.610000E+01     1.030675E+00
2.620000E+01     9.162781E-01
2.630000E+01     7.827185E-01
2.640000E+01     6.313317E-01
2.650000E+01     4.636317E-01
2.660000E+01     2.812953E-01
2.670000E+01     8.614596E-02
2.680000E+01     -1.198648E-01
2.690000E+01     -3.346770E-01
2.700000E+01     -5.561424E-01
2.710000E+01     -7.820463E-01
2.720000E+01     -1.010130E+00
2.730000E+01     -1.238112E+00
2.740000E+01     -1.463713E+00
2.750000E+01     -1.684677E+00
2.760000E+01     -1.898794E+00
2.770000E+01     -2.103923E+00
2.780000E+01     -2.298013E+00
2.790000E+01     -2.479123E+00
2.800000E+01     -2.645442E+00
2.810000E+01     -2.795306E+00
2.820000E+01     -2.927217E+00
2.830000E+01     -3.039856E+00
2.840000E+01     -3.132097E+00
2.850000E+01     -3.203016E+00
2.860000E+01     -3.251905E+00
2.870000E+01     -3.278276E+00
2.880000E+01     -3.281863E+00
2.890000E+01     -3.262632E+00
2.900000E+01     -3.220774E+00
2.910000E+01     -3.156709E+00
2.920000E+01     -3.071077E+00
2.930000E+01     -2.964734E+00
2.940000E+01     -2.838743E+00
2.950000E+01     -2.694366E+00
2.960000E+01     -2.533044E+00
2.970000E+01     -2.356392E+00
2.980000E+01     -2.166176E+00
2.990000E+01     -1.964299E+00
3.000000E+01     -1.752778E+00
3.010000E+01     -1.533730E+00
3.020000E+01     -1.309344E+00
3.030000E+01     -1.081865E+00
3.040000E+01     -8.535670E-01
3.050000E+01     -6.267335E-01
3.060000E+01     -4.036328E-01
3.070000E+01     -1.864956E-01
3.080000E+01     2.250643E-02
3.090000E+01     2.212834E-01
3.100000E+01     4.078476E-01
3.110000E+01     5.803333E-01
3.120000E+01     7.370157E-01
3.130000E+01     8.763279E-01
3.140000E+01     9.968768E-01
3.150000E+01     1.097457E+00
3.160000E+01     1.177063E+00
3.170000E+01     1.234898E+00
3.180000E+01     1.270384E+00
3.190000E+01     1.283166E+00
3.200000E+01     1.273116E+00
3.210000E+01     1.240335E+00
3.220000E+01     1.185151E+00
3.230000E+01     1.108116E+00
3.240000E+01     1.009999E+00
3.250000E+01     8.917826E-01
3.260000E+01     7.546481E-01
3.270000E+01     5.999671E-01
3.280000E+01     4.292864E-01
3.290000E+01     2.443129E-01
3.300000E+01     4.689622E-02
3.310000E+01     -1.609894E-01
3.320000E+01     -3.772651E-01
3.330000E+01     -5.997682E-01
3.340000E+01     -8.262736E-01
3.350000E+01     -1.054516E+00
3.360000E+01     -1.282214E+00
3.370000E+01     -1.507089E+00
3.380000E+01     -1.726894E+00
3.390000E+01     -1.939429E+00
3.400000E+01     -2.142570E+00
3.410000E+01     -2.334286E+00
3.420000E+01     -2.512659E+00
3.430000E+01     -2.675905E+00
3.440000E+01     -2.822392E+00
3.450000E+01     -2.950655E+00
3.460000E+01     -3.059411E+00
3.470000E+01     -3.147574E+00
3.480000E+01     -3.214261E+00
3.490000E+01     -3.258805E+00
3.500000E+01     -3.280761E+00
3.510000E+01     -3.279909E+00
3.520000E+01     -3.256259E+00
3.530000E+01     -3.210045E+00
3.540000E+01     -3.141732E+00
3.550000E+01     -3.052001E+00
3.560000E+01     -2.941750E+00
3.570000E+01     -2.812081E+00
3.580000E+01     -2.664292E+00
3.590000E+01     -2.499860E+00
3.600000E+01     -2.320429E+00
3.610000E+01     -2.127794E+00
3.620000E+01     -1.923881E+00
3.630000E+01     -1.710729E+00
3.640000E+01     -1.490470E+00
3.650000E+01     -1.265306E+00
3.660000E+01     -1.037489E+00
3.670000E+01     -8.092973E-01
3.680000E+01     -5.830125E-01
3.690000E+01     -3.608976E-01
3.700000E+01     -1.451738E-01
3.710000E+01     6.200184E-02
3.720000E+01     2.585574E-01
3.730000E+01     4.425274E-01
3.740000E+01     6.120722E-01
3.750000E+01     7.654962E-01
3.760000E+01     9.012652E-01
3.770000E+01     1.018022E+00
3.780000E+01     1.114598E+00
3.790000E+01     1.190028E+00
3.800000E+01     1.243558E+00
3.810000E+01     1.274652E+00
3.820000E+01     1.283000E+00
3.830000E+01     1.268518E+00
3.840000E+01     1.231351E+00
3.850000E+01     1.171870E+00
3.860000E+01     1.090670E+00
3.870000E+01     9.885639E-01
3.880000E+01     8.665720E-01
3.890000E+01     7.259144E-01
3.900000E+01     5.679976E-01
3.910000E+01     3.944008E-01
3.920000E+01     2.068601E-01
3.930000E+01     7.250745E-03
3.940000E+01     -2.024311E-01
3.950000E+01     -4.200887E-01
3.960000E+01     -6.435453E-01
3.970000E+01     -8.705665E-01
3.980000E+01     -1.098882E+00
3.990000E+01     -1.326209E+00
4.000000E+01     -1.550273E+00
4.010000E+01     -1.768835E+00
4.020000E+01     -1.979709E+00
4.030000E+01     -2.180785E+00
4.040000E+01     -2.370054E+00
4.050000E+01     -2.545622E+00
4.060000E+01     -2.705734E+00
4.070000E+01     -2.848788E+00
4.080000E+01     -2.973355E+00
4.090000E+01     -3.078188E+00
4.100000E+01     -3.162239E+00
4.110000E+01     -3.224668E+00
4.120000E+01     -3.264850E+00
4.130000E+01     -3.282384E+00
4.140000E+01     -3.277094E+00
4.150000E+01     -3.249032E+00
4.160000E+01     -3.198481E+00
4.170000E+01     -3.125945E+00
4.180000E+01     -3.032149E+00
4.190000E+01     -2.918032E+00
4.200000E+01     -2.784734E+00
4.210000E+01     -2.633589E+00
4.220000E+01     -2.466108E+00
4.230000E+01     -2.283967E+00
4.240000E+01     -2.088985E+00
4.250000E+01     -1.883114E+00
4.260000E+01     -1.668411E+00
4.270000E+01     -1.447025E+00
4.280000E+01     -1.221168E+00
4.290000E+01     -9.930992E-01
4.300000E+01     -7.650996E-01
4.310000E+01     -5.394491E-01
4.320000E+01     -3.184041E-01
4.330000E+01     -1.041750E-01
4.340000E+01     1.010958E-01
4.350000E+01     2.953557E-01
4.360000E+01     4.766620E-01
4.370000E+01     6.432017E-01
4.380000E+01     7.933093E-01
4.390000E+01     9.254839E-01
4.400000E+01     1.038404E+00
4.410000E+01     1.130939E+00
4.420000E+01     1.202166E+00
4.430000E+01     1.251370E+00
4.440000E+01     1.278061E+00
4.450000E+01     1.281972E+00
4.460000E+01     1.263062E+00
4.470000E+01     1.221522E+00
4.480000E+01     1.157767E+00
4.490000E+01     1.072434E+00
4.500000E+01     9.663768E-01
4.510000E+01     8.406558E-01
4.520000E+01     6.965282E-01
4.530000E+01     5.354354E-01
4.540000E+01     3.589882E-01
4.550000E+01     1.689511E-01
4.560000E+01     -3.277548E-02
4.570000E+01     -2.441743E-01
4.580000E+01     -4.631314E-01
4.590000E+01     -6.874572E-01
4.600000E+01     -9.149084E-01
4.610000E+01     -1.143211E+00
4.620000E+01     -1.370081E+00
4.630000E+01     -1.593250E+00
4.640000E+01     -1.810486E+00
4.650000E+01     -2.019618E+00
4.660000E+01     -2.218554E+00
4.670000E+01     -2.405304E+00
4.680000E+01     -2.578001E+00
4.690000E+01     -2.734918E+00
4.700000E+01     -2.874486E+00
4.710000E+01     -2.995309E+00
4.720000E+01     -3.096179E+00
4.730000E+01     -3.176087E+00
4.740000E+01     -3.234235E+00
4.750000E+01     -3.270039E+00
4.760000E+01     -3.283144E+00
4.770000E+01     -3.273417E+00
4.780000E+01     -3.240956E+00
4.790000E+01     -3.186085E+00
4.800000E+01     -3.109354E+00
4.810000E+01     -3.011529E+00
4.820000E+01     -2.893589E+00
4.830000E+01     -2.756712E+00
4.840000E+01     -2.602269E+00
4.850000E+01     -2.431803E+00
4.860000E+01     -2.247019E+00
4.870000E+01     -2.049765E+00
4.880000E+01     -1.842013E+00
4.890000E+01     -1.625841E+00
4.900000E+01     -1.403410E+00
4.910000E+01     -1.176946E+00
4.920000E+01     -9.487119E-01
4.930000E+01     -7.209908E-01
4.940000E+01     -4.960598E-01
4.950000E+01     -2.761682E-01
4.960000E+01     -6.351486E-02
4.970000E+01     1.397736E-01
4.980000E+01     3.316643E-01
4.990000E+01     5.102383E-01
5.000000E+01     6.737100E-01
5.010000E+01     8.204446E-01
5.020000E+01     9.489747E-01
5.030000E+01     1.058015E+00
5.040000E+01     1.146475E+00
5.050000E+01     1.213471E+00
5.060000E+01     1.258332E+00
5.070000E+01     1.280609E+00
5.080000E+01     1.280080E+00
5.090000E+01     1.256751E+00
5.100000E+01     1.210854E+00
5.110000E+01     1.142849E+00
5.120000E+01     1.053415E+00
5.130000E+01     9.434464E-01
5.140000E+01     8.140439E-01
5.150000E+01     6.665008E-01
5.160000E+01     5.022928E-01
5.170000E+01     3.230618E-01
5.180000E+01     1.306003E-01
5.190000E+01     -7.316731E-02
5.200000E+01     -2.862032E-01
5.210000E+01     -5.063771E-01
5.220000E+01     -7.314872E-01
5.230000E+01     -9.592824E-01
5.240000E+01     -1.187485E+00
5.250000E+01     -1.413812E+00
5.260000E+01     -1.636002E+00
5.270000E+01     -1.851831E+00
5.280000E+01     -2.059142E+00
5.290000E+01     -2.255862E+00
5.300000E+01     -2.440023E+00
5.310000E+01     -2.609784E+00
5.320000E+01     -2.763447E+00
5.330000E+01     -2.899475E+00
5.340000E+01     -3.016509E+00
5.350000E+01     -3.113378E+00
5.360000E+01     -3.189113E+00
5.370000E+01     -3.242957E+00
5.380000E+01     -3.274371E+00
5.390000E+01     -3.283041E+00
5.400000E+01     -3.268881E+00
5.410000E+01     -3.232033E+00
5.420000E+01     -3.172864E+00
5.430000E+01     -3.091966E+00
5.440000E+01     -2.990149E+00
5.450000E+01     -2.868430E+00
5.460000E+01     -2.728027E+00
5.470000E+01     -2.570343E+00
5.480000E+01     -2.396956E+00
5.490000E+01     -2.209600E+00
5.500000E+01     -2.010148E+00
5.510000E+01     -1.800594E+00
5.520000E+01     -1.583034E+00
5.530000E+01     -1.359644E+00
5.540000E+01     -1.132657E+00
5.550000E+01     -9.043440E-01
5.560000E+01     -6.769874E-01
5.570000E+01     -4.528609E-01
5.580000E+01     -2.342059E-01
5.590000E+01     -2.320872E-02
5.600000E+01     1.780205E-01
5.610000E+01     3.674695E-01
5.620000E+01     5.432438E-01
5.630000E+01     7.035857E-01
5.640000E+01     8.468917E-01
5.650000E+01     9.717288E-01
5.660000E+01     1.076849E+00
5.670000E+01     1.161200E+00
5.680000E+01     1.223939E+00
5.690000E+01     1.264439E+00
5.700000E+01     1.282295E+00
5.710000E+01     1.277327E+00
5.720000E+01     1.249587E+00
5.730000E+01     1.199350E+00
5.740000E+01     1.127120E+00
5.750000E+01     1.033619E+00
5.760000E+01     9.197815E-01
5.770000E+01     7.867462E-01
5.780000E+01     6.358435E-01
5.790000E+01     4.685823E-01
5.800000E+01     2.866354E-01
5.810000E+01     9.182205E-02
5.820000E+01     -1.139095E-01
5.830000E+01     -3.285019E-01
5.840000E+01     -5.498094E-01
5.850000E+01     -7.756187E-01
5.860000E+01     -1.003672E+00
5.870000E+01     -1.231688E+00
5.880000E+01     -1.457388E+00
5.890000E+01     -1.678514E+00
5.900000E+01     -1.892854E+00
5.910000E+01     -2.098266E+00
5.920000E+01     -2.292695E+00
5.930000E+01     -2.474198E+00
5.940000E+01     -2.640958E+00
5.950000E+01     -2.791309E+00
5.960000E+01     -2.923747E+00
5.970000E+01     -3.036947E+00
5.980000E+01     -3.129778E+00
5.990000E+01     -3.201311E+00
6.000000E+01     -3.250831E+00
6.010000E+01     -3.277842E+00
6.020000E+01     -3.282075E+00
6.030000E+01     -3.263488E+00
6.040000E+01     -3.222265E+00
6.050000E+01     -3.158820E+00
6.060000E+01     -3.073787E+00
6.070000E+01     -2.968016E+00
6.080000E+01     -2.842564E+00
6.090000E+01     -2.698688E+00
6.100000E+01     -2.537824E+00
6.110000E+01     -2.361582E+00
6.120000E+01     -2.171724E+00
6.130000E+01     -1.970148E+00
6.140000E+01     -1.758872E+00
6.150000E+01     -1.540007E+00
6.160000E+01     -1.315741E+00
6.170000E+01     -1.088318E+00
6.180000E+01     -8.600122E-01
6.190000E+01     -6.331061E-01
6.200000E+01     -4.098689E-01
6.210000E+01     -1.925330E-01
6.220000E+01     1.672818E-02
6.230000E+01     2.158221E-01
6.240000E+01     4.027578E-01
6.250000E+01     5.756660E-01
6.260000E+01     7.328174E-01
6.270000E+01     8.726407E-01
6.280000E+01     9.937376E-01
6.290000E+01     1.094897E+00
6.300000E+01     1.175108E+00
6.310000E+01     1.233567E+00
6.320000E+01     1.269691E+00
6.330000E+01     1.283118E+00
6.340000E+01     1.273714E+00
6.350000E+01     1.241572E+00
6.360000E+01     1.187015E+00
6.370000E+01     1.110588E+00
6.380000E+01     1.013054E+00
6.390000E+01     8.953908E-01
6.400000E+01     7.587731E-01
6.410000E+01     6.045678E-01
6.420000E+01     4.343167E-01
6.430000E+01     2.497225E-01
6.440000E+01     5.263111E-02
6.450000E+01     -1.549866E-01
6.460000E+01     -3.710545E-01
6.470000E+01     -5.934118E-01
6.480000E+01     -8.198350E-01
6.490000E+01     -1.048060E+00
6.500000E+01     -1.275804E+00
6.510000E+01     -1.500790E+00
6.520000E+01     -1.720769E+00
6.530000E+01     -1.933539E+00
6.540000E+01     -2.136975E+00
6.550000E+01     -2.329040E+00
6.560000E+01     -2.507815E+00
6.570000E+01     -2.671512E+00
6.580000E+01     -2.818494E+00
6.590000E+01     -2.947291E+00
6.600000E+01     -3.056615E+00
6.610000E+01     -3.145373E+00
6.620000E+01     -3.212677E+00
6.630000E+01     -3.257854E+00
6.640000E+01     -3.280453E+00
6.650000E+01     -3.280247E+00
6.660000E+01     -3.257239E+00
6.670000E+01     -3.211658E+00
6.680000E+01     -3.143961E+00
6.690000E+01     -3.054824E+00
6.700000E+01     -2.945139E+00
6.710000E+01     -2.816003E+00
6.720000E+01     -2.668706E+00
6.730000E+01     -2.504723E+00
6.740000E+01     -2.325692E+00
6.750000E+01     -2.133404E+00
6.760000E+01     -1.929783E+00
6.770000E+01     -1.716863E+00
6.780000E+01     -1.496775E+00
6.790000E+01     -1.271719E+00
6.800000E+01     -1.043946E+00
6.810000E+01     -8.157334E-01
6.820000E+01     -5.893635E-01
6.830000E+01     -3.671000E-01
6.840000E+01     -1.511654E-01
6.850000E+01     5.628076E-02
6.860000E+01     2.531641E-01
6.870000E+01     4.375159E-01
6.880000E+01     6.074925E-01
6.890000E+01     7.613941E-01
6.900000E+01     8.976819E-01
6.910000E+01     1.014993E+00
6.920000E+01     1.112154E+00
6.930000E+01     1.188193E+00
6.940000E+01     1.242351E+00
6.950000E+01     1.274085E+00
6.960000E+01     1.283078E+00
6.970000E+01     1.269240E+00
6.980000E+01     1.232710E+00
6.990000E+01     1.173853E+00
7.000000E+01     1.093257E+00
7.010000E+01     9.917291E-01
7.020000E+01     8.702836E-01
7.030000E+01     7.301353E-01
7.040000E+01     5.726855E-01
7.050000E+01     3.995090E-01
7.060000E+01     2.123373E-01
7.070000E+01     1.304228E-02
7.080000E+01     -1.963832E-01
7.090000E+01     -4.138448E-01
7.100000E+01     -6.371680E-01
7.110000E+01     -8.641195E-01
7.120000E+01     -1.092430E+00
7.130000E+01     -1.319816E+00
7.140000E+01     -1.544004E+00
7.150000E+01     -1.762751E+00
7.160000E+01     -1.973872E+00
7.170000E+01     -2.175253E+00
7.180000E+01     -2.364882E+00
7.190000E+01     -2.540863E+00
7.200000E+01     -2.701434E+00
7.210000E+01     -2.844991E+00
7.220000E+01     -2.970099E+00
7.230000E+01     -3.075505E+00
7.240000E+01     -3.160156E+00
7.250000E+01     -3.223206E+00
7.260000E+01     -3.264024E+00
7.270000E+01     -3.282201E+00
7.280000E+01     -3.277557E+00
7.290000E+01     -3.250137E+00
7.300000E+01     -3.200215E+00
7.310000E+01     -3.128291E+00
7.320000E+01     -3.035085E+00
7.330000E+01     -2.921527E+00
7.340000E+01     -2.788755E+00
7.350000E+01     -2.638094E+00
7.360000E+01     -2.471053E+00
7.370000E+01     -2.289302E+00
7.380000E+01     -2.094657E+00
7.390000E+01     -1.889066E+00
7.400000E+01     -1.674584E+00
7.410000E+01     -1.453356E+00
7.420000E+01     -1.227594E+00
7.430000E+01     -9.995571E-01
7.440000E+01     -7.715243E-01
7.450000E+01     -5.457761E-01
7.460000E+01     -3.245703E-01
7.470000E+01     -1.101187E-01
7.480000E+01     9.543406E-02
7.490000E+01     2.900325E-01
7.500000E+01     4.717306E-01
7.510000E+01     6.387114E-01
7.520000E+01     7.893050E-01
7.530000E+01     9.220057E-01
7.540000E+01     1.035486E+00
7.550000E+01     1.128612E+00
7.560000E+01     1.200452E+00
7.570000E+01     1.250287E+00
7.580000E+01     1.277619E+00
7.590000E+01     1.282175E+00
7.600000E+01     1.263909E+00
7.610000E+01     1.223004E+00
7.620000E+01     1.159869E+00
7.630000E+01     1.075136E+00
7.640000E+01     9.696509E-01
7.650000E+01     8.444695E-01
7.660000E+01     7.008434E-01
7.670000E+01     5.402088E-01
7.680000E+01     3.641722E-01
7.690000E+01     1.744938E-01
7.700000E+01     -2.692949E-02
7.710000E+01     -2.380835E-01
7.720000E+01     -4.568567E-01
7.730000E+01     -6.810613E-01
7.740000E+01     -9.084553E-01
7.750000E+01     -1.136765E+00
7.760000E+01     -1.363707E+00
7.770000E+01     -1.587011E+00
7.780000E+01     -1.804446E+00
7.790000E+01     -2.013836E+00
7.800000E+01     -2.213088E+00
7.810000E+01     -2.400209E+00
7.820000E+01     -2.573328E+00
7.830000E+01     -2.730713E+00
7.840000E+01     -2.870792E+00
7.850000E+01     -2.992162E+00
7.860000E+01     -3.093611E+00
7.870000E+01     -3.174124E+00
7.880000E+01     -3.232895E+00
7.890000E+01     -3.269338E+00
7.900000E+01     -3.283087E+00
7.910000E+01     -3.274005E+00
7.920000E+01     -3.242184E+00
7.930000E+01     -3.187940E+00
7.940000E+01     -3.111817E+00
7.950000E+01     -3.014576E+00
7.960000E+01     -2.897189E+00
7.970000E+01     -2.760830E+00
7.980000E+01     -2.606863E+00
7.990000E+01     -2.436828E+00
8.000000E+01     -2.252424E+00
8.010000E+01     -2.055495E+00
8.020000E+01     -1.848012E+00
8.030000E+01     -1.632049E+00
8.040000E+01     -1.409765E+00
8.050000E+01     -1.183384E+00
8.060000E+01     -9.551684E-01
8.070000E+01     -7.274014E-01
8.080000E+01     -5.023605E-01
8.090000E+01     -2.822959E-01
8.100000E+01     -6.940834E-02
8.110000E+01     1.341733E-01
8.120000E+01     3.264132E-01
8.130000E+01     5.053889E-01
8.140000E+01     6.693108E-01
8.150000E+01     8.165396E-01
8.160000E+01     9.456029E-01
8.170000E+01     1.055210E+00
8.180000E+01     1.144266E+00
8.190000E+01     1.211878E+00
8.200000E+01     1.257372E+00
8.210000E+01     1.280292E+00
8.220000E+01     1.280409E+00
8.230000E+01     1.257722E+00
8.240000E+01     1.212458E+00
8.250000E+01     1.145069E+00
8.260000E+01     1.056230E+00
8.270000E+01     9.468282E-01
8.280000E+01     8.179582E-01
8.290000E+01     6.709086E-01
8.300000E+01     5.071499E-01
8.310000E+01     3.283197E-01
8.320000E+01     1.362064E-01
8.330000E+01     -6.726908E-02
8.340000E+01     -2.800718E-01
8.350000E+01     -5.000738E-01
8.360000E+01     -7.250751E-01
8.370000E+01     -9.528257E-01
8.380000E+01     -1.181048E+00
8.390000E+01     -1.407460E+00
8.400000E+01     -1.629797E+00
8.410000E+01     -1.845836E+00
8.420000E+01     -2.053417E+00
8.430000E+01     -2.250464E+00
8.440000E+01     -2.435006E+00
8.450000E+01     -2.605198E+00
8.460000E+01     -2.759338E+00
8.470000E+01     -2.895884E+00
8.480000E+01     -3.013472E+00
8.490000E+01     -3.110925E+00
8.500000E+01     -3.187269E+00
8.510000E+01     -3.241740E+00
8.520000E+01     -3.273794E+00
8.530000E+01     -3.283110E+00
8.540000E+01     -3.269595E+00
8.550000E+01     -3.233383E+00
8.560000E+01     -3.174838E+00
8.570000E+01     -3.094545E+00
8.580000E+01     -2.993306E+00
8.590000E+01     -2.872134E+00
8.600000E+01     -2.732241E+00
8.610000E+01     -2.575025E+00
8.620000E+01     -2.402059E+00
8.630000E+01     -2.215072E+00
8.640000E+01     -2.015935E+00
8.650000E+01     -1.806638E+00
8.660000E+01     -1.589275E+00
8.670000E+01     -1.366020E+00
8.680000E+01     -1.139104E+00
8.690000E+01     -9.107966E-01
8.700000E+01     -6.833817E-01
8.710000E+01     -4.591329E-01
8.720000E+01     -2.402928E-01
8.730000E+01     -2.904976E-02
8.740000E+01     1.724838E-01
8.750000E+01     3.622925E-01
8.760000E+01     5.384782E-01
8.770000E+01     6.992792E-01
8.780000E+01     8.430874E-01
8.790000E+01     9.684648E-01
8.800000E+01     1.074157E+00
8.810000E+01     1.159109E+00
8.820000E+01     1.222469E+00
8.830000E+01     1.263604E+00
8.840000E+01     1.282103E+00
8.850000E+01     1.277781E+00
8.860000E+01     1.250682E+00
8.870000E+01     1.201076E+00
8.880000E+01     1.129458E+00
8.890000E+01     1.036547E+00
8.900000E+01     9.232695E-01
8.910000E+01     7.907596E-01
8.920000E+01     6.403421E-01
8.930000E+01     4.735213E-01
8.940000E+01     2.919652E-01
8.950000E+01     9.748940E-02
8.960000E+01     -1.079613E-01
8.970000E+01     -3.223323E-01
8.980000E+01     -5.434800E-01
8.990000E+01     -7.691929E-01
9.000000E+01     -9.972139E-01
9.010000E+01     -1.225263E+00
9.020000E+01     -1.451059E+00
9.030000E+01     -1.672345E+00
9.040000E+01     -1.886907E+00
9.050000E+01     -2.092600E+00
9.060000E+01     -2.287367E+00
9.070000E+01     -2.469260E+00
9.080000E+01     -2.636461E+00
9.090000E+01     -2.787298E+00
9.100000E+01     -2.920261E+00
9.110000E+01     -3.034021E+00
9.120000E+01     -3.127442E+00
9.130000E+01     -3.199588E+00
9.140000E+01     -3.249738E+00
9.150000E+01     -3.277391E+00
9.160000E+01     -3.282270E+00
9.170000E+01     -3.264326E+00
9.180000E+01     -3.223739E+00
9.190000E+01     -3.160914E+00
9.200000E+01     -3.076481E+00
9.210000E+01     -2.971282E+00
9.220000E+01     -2.846371E+00
9.230000E+01     -2.702996E+00
9.240000E+01     -2.542591E+00
9.250000E+01     -2.366760E+00
9.260000E+01     -2.177262E+00
9.270000E+01     -1.975991E+00
9.280000E+01     -1.764960E+00
9.290000E+01     -1.546279E+00
9.300000E+01     -1.322136E+00
9.310000E+01     -1.094771E+00
9.320000E+01     -8.664586E-01
9.330000E+01     -6.394816E-01
9.340000E+01     -4.161098E-01
9.350000E+01     -1.985769E-01
9.360000E+01     1.094181E-02
9.370000E+01     2.103511E-01
9.380000E+01     3.976568E-01
9.390000E+01     5.709860E-01
9.400000E+01     7.286053E-01
9.410000E+01     8.689386E-01
9.420000E+01     9.905825E-01
9.430000E+01     1.092321E+00
9.440000E+01     1.173135E+00
9.450000E+01     1.232219E+00
9.460000E+01     1.268980E+00
9.470000E+01     1.283052E+00
9.480000E+01     1.274293E+00
9.490000E+01     1.242791E+00
9.500000E+01     1.188861E+00
9.510000E+01     1.113043E+00
9.520000E+01     1.016094E+00
9.530000E+01     8.989838E-01
9.540000E+01     7.628842E-01
9.550000E+01     6.091557E-01
9.560000E+01     4.393356E-01
9.570000E+01     2.551222E-01
9.580000E+01     5.835759E-02
9.590000E+01     -1.489906E-01
9.600000E+01     -3.648489E-01
9.610000E+01     -5.870587E-01
9.620000E+01     -8.133979E-01
9.630000E+01     -1.041603E+00
9.640000E+01     -1.269392E+00
9.650000E+01     -1.494488E+00
9.660000E+01     -1.714638E+00
9.670000E+01     -1.927642E+00
9.680000E+01     -2.131370E+00
9.690000E+01     -2.323784E+00
9.700000E+01     -2.502960E+00
9.710000E+01     -2.667106E+00
9.720000E+01     -2.814582E+00
9.730000E+01     -2.943911E+00
9.740000E+01     -3.053802E+00
9.750000E+01     -3.143154E+00
9.760000E+01     -3.211075E+00
9.770000E+01     -3.256885E+00
9.780000E+01     -3.280127E+00
9.790000E+01     -3.280567E+00
9.800000E+01     -3.258201E+00
9.810000E+01     -3.213253E+00
9.820000E+01     -3.146173E+00
9.830000E+01     -3.057631E+00
9.840000E+01     -2.948513E+00
9.850000E+01     -2.819910E+00
9.860000E+01     -2.673107E+00
9.870000E+01     -2.509574E+00
9.880000E+01     -2.330945E+00
9.890000E+01     -2.139006E+00
9.900000E+01     -1.935677E+00
9.910000E+01     -1.722992E+00
9.920000E+01     -1.503076E+00
9.930000E+01     -1.278130E+00
9.940000E+01     -1.050403E+00
9.950000E+01     -8.221710E-01
9.960000E+01     -5.957178E-01
9.970000E+01     -3.733074E-01
9.980000E+01     -1.571639E-01
9.990000E+01     5.055123E-02
