1.000000E-01     1.089500E+00
2.000000E-01     1.162187E+00
3.000000E-01     1.217368E+00
4.000000E-01     1.254445E+00
5.000000E-01     1.272914E+00
6.000000E-01     1.272372E+00
7.000000E-01     1.252514E+00
8.000000E-01     1.213134E+00
9.000000E-01     1.154126E+00
1.000000E+00     1.075483E+00
1.100000E+00     9.772972E-01
1.200000E+00     8.597570E-01
1.300000E+00     7.231454E-01
1.400000E+00     5.678383E-01
1.500000E+00     3.943012E-01
1.600000E+00     2.030862E-01
1.700000E+00     -5.171978E-03
1.800000E+00     -2.297594E-01
1.900000E+00     -4.698877E-01
2.000000E+00     -7.246988E-01
2.100000E+00     -9.932697E-01
2.200000E+00     -1.274618E+00
2.300000E+00     -1.567706E+00
2.400000E+00     -1.871450E+00
2.500000E+00     -2.184722E+00
2.600000E+00     -2.506358E+00
2.700000E+00     -2.835164E+00
2.800000E+00     -3.169921E+00
2.900000E+00     -3.509395E+00
3.000000E+00     -3.852338E+00
3.100000E+00     -4.197498E+00
3.200000E+00     -4.543626E+00
3.300000E+00     -4.889478E+00
3.400000E+00     -5.233825E+00
3.500000E+00     -5.575458E+00
3.600000E+00     -5.913193E+00
3.700000E+00     -6.245879E+00
3.800000E+00     -6.572399E+00
3.900000E+00     -6.891680E+00
4.000000E+00     -7.202695E+00
4.100000E+00     -7.504470E+00
4.200000E+00     -7.796084E+00
4.300000E+00     -8.076679E+00
4.400000E+00     -8.345460E+00
4.500000E+00     -8.601697E+00
4.600000E+00     -8.844732E+00
4.700000E+00     -9.073979E+00
4.800000E+00     -9.288927E+00
4.900000E+00     -9.489141E+00
5.000000E+00     -9.674265E+00
5.100000E+00     -9.844021E+00
5.200000E+00     -9.998211E+00
5.300000E+00     -1.013672E+01
5.400000E+00     -1.025950E+01
5.500000E+00     -1.036660E+01
5.600000E+00     -1.045814E+01
5.700000E+00     -1.053431E+01
5.800000E+00     -1.059538E+01
5.900000E+00     -1.064169E+01
6.000000E+00     -1.067366E+01
6.100000E+00     -1.069177E+01
6.200000E+00     -1.069656E+01
6.300000E+00     -1.068864E+01
6.400000E+00     -1.066867E+01
6.500000E+00     -1.063738E+01
6.600000E+00     -1.059552E+01
6.700000E+00     -1.054391E+01
6.800000E+00     -1.048341E+01
6.900000E+00     -1.041490E+01
7.000000E+00     -1.033930E+01
7.100000E+00     -1.025755E+01
7.200000E+00     -1.017063E+01
7.300000E+00     -1.007952E+01
7.400000E+00     -9.985215E+00
7.500000E+00     -9.888714E+00
7.600000E+00     -9.791018E+00
7.700000E+00     -9.693127E+00
7.800000E+00     -9.596030E+00
7.900000E+00     -9.500701E+00
8.000000E+00     -9.408097E+00
8.100000E+00     -9.319151E+00
8.200000E+00     -9.234769E+00
8.300000E+00     -9.155824E+00
8.400000E+00     -9.083156E+00
8.500000E+00     -9.017562E+00
8.600000E+00     -8.959797E+00
8.700000E+00     -8.910569E+00
8.800000E+00     -8.870536E+00
8.900000E+00     -8.840306E+00
9.000000E+00     -8.820428E+00
9.100000E+00     -8.811396E+00
9.200000E+00     -8.813644E+00
9.300000E+00     -8.827547E+00
9.400000E+00     -8.853416E+00
9.500000E+00     -8.891500E+00
9.600000E+00     -8.941984E+00
9.700000E+00     -9.004990E+00
9.800000E+00     -9.080575E+00
9.900000E+00     -9.168732E+00
1.000000E+01     -9.269395E+00
1.010000E+01     -9.382431E+00
1.020000E+01     -9.507650E+00
1.030000E+01     -9.644802E+00
1.040000E+01     -9.793579E+00
1.050000E+01     -9.953619E+00
1.060000E+01     -1.012451E+01
1.070000E+01     -1.030578E+01
1.080000E+01     -1.049692E+01
1.090000E+01     -1.069737E+01
1.100000E+01     -1.090655E+01
1.110000E+01     -1.112380E+01
1.120000E+01     -1.134846E+01
1.130000E+01     -1.157984E+01
1.140000E+01     -1.181720E+01
1.150000E+01     -1.205979E+01
1.160000E+01     -1.230686E+01
1.170000E+01     -1.255761E+01
1.180000E+01     -1.281126E+01
1.190000E+01     -1.306699E+01
1.200000E+01     -1.332402E+01
1.210000E+01     -1.358155E+01
1.220000E+01     -1.383876E+01
1.230000E+01     -1.409489E+01
1.240000E+01     -1.434916E+01
1.250000E+01     -1.460080E+01
1.260000E+01     -1.484910E+01
1.270000E+01     -1.509334E+01
1.280000E+01     -1.533283E+01
1.290000E+01     -1.556692E+01
1.300000E+01     -1.579499E+01
1.310000E+01     -1.601646E+01
1.320000E+01     -1.623079E+01
1.330000E+01     -1.643748E+01
1.340000E+01     -1.663605E+01
1.350000E+01     -1.682611E+01
1.360000E+01     -1.700728E+01
1.370000E+01     -1.717923E+01
1.380000E+01     -1.734171E+01
1.390000E+01     -1.749449E+01
1.400000E+01     -1.763740E+01
1.410000E+01     -1.777033E+01
1.420000E+01     -1.789320E+01
1.430000E+01     -1.800599E+01
1.440000E+01     -1.810875E+01
1.450000E+01     -1.820156E+01
1.460000E+01     -1.828454E+01
1.470000E+01     -1.835789E+01
1.480000E+01     -1.842182E+01
1.490000E+01     -1.847660E+01
1.500000E+01     -1.852257E+01
1.510000E+01     -1.856006E+01
1.520000E+01     -1.858947E+01
1.530000E+01     -1.861124E+01
1.540000E+01     -1.862582E+01
1.550000E+01     -1.863373E+01
1.560000E+01     -1.863547E+01
1.570000E+01     -1.863160E+01
1.580000E+01     -1.862270E+01
1.590000E+01     -1.860935E+01
1.600000E+01     -1.859216E+01
1.610000E+01     -1.857176E+01
1.620000E+01     -1.854878E+01
1.630000E+01     -1.852385E+01
1.640000E+01     -1.849762E+01
1.650000E+01     -1.847073E+01
1.660000E+01     -1.844382E+01
1.670000E+01     -1.841751E+01
1.680000E+01     -1.839244E+01
1.690000E+01     -1.836921E+01
1.700000E+01     -1.834842E+01
1.710000E+01     -1.833064E+01
1.720000E+01     -1.831644E+01
1.730000E+01     -1.830634E+01
1.740000E+01     -1.830085E+01
1.750000E+01     -1.830045E+01
1.760000E+01     -1.830559E+01
1.770000E+01     -1.831669E+01
1.780000E+01     -1.833412E+01
1.790000E+01     -1.835824E+01
1.800000E+01     -1.838936E+01
1.810000E+01     -1.842774E+01
1.820000E+01     -1.847363E+01
1.830000E+01     -1.852721E+01
1.840000E+01     -1.858863E+01
1.850000E+01     -1.865802E+01
1.860000E+01     -1.873544E+01
1.870000E+01     -1.882091E+01
1.880000E+01     -1.891444E+01
1.890000E+01     -1.901596E+01
1.900000E+01     -1.912540E+01
1.910000E+01     -1.924262E+01
1.920000E+01     -1.936745E+01
1.930000E+01     -1.949970E+01
1.940000E+01     -1.963912E+01
1.950000E+01     -1.978544E+01
1.960000E+01     -1.993837E+01
1.970000E+01     -2.009756E+01
1.980000E+01     -2.026266E+01
1.990000E+01     -2.043328E+01
2.000000E+01     -2.060900E+01
2.010000E+01     -2.078941E+01
2.020000E+01     -2.097404E+01
2.030000E+01     -2.116243E+01
2.040000E+01     -2.135410E+01
2.050000E+01     -2.154854E+01
2.060000E+01     -2.174527E+01
2.070000E+01     -2.194377E+01
2.080000E+01     -2.214353E+01
2.090000E+01     -2.234403E+01
2.100000E+01     -2.254477E+01
2.110000E+01     -2.274523E+01
2.120000E+01     -2.294491E+01
2.130000E+01     -2.314332E+01
2.140000E+01     -2.333997E+01
2.150000E+01     -2.353441E+01
2.160000E+01     -2.372617E+01
2.170000E+01     -2.391482E+01
2.180000E+01     -2.409995E+01
2.190000E+01     -2.428116E+01
2.200000E+01     -2.445809E+01
2.210000E+01     -2.463039E+01
2.220000E+01     -2.479773E+01
2.230000E+01     -2.495984E+01
2.240000E+01     -2.511645E+01
2.250000E+01     -2.526734E+01
2.260000E+01     -2.541229E+01
2.270000E+01     -2.555114E+01
2.280000E+01     -2.568377E+01
2.290000E+01     -2.581005E+01
2.300000E+01     -2.592993E+01
2.310000E+01     -2.604336E+01
2.320000E+01     -2.615034E+01
2.330000E+01     -2.625090E+01
2.340000E+01     -2.634509E+01
2.350000E+01     -2.643301E+01
2.360000E+01     -2.651477E+01
2.370000E+01     -2.659053E+01
2.380000E+01     -2.666046E+01
2.390000E+01     -2.672478E+01
2.400000E+01     -2.678370E+01
2.410000E+01     -2.683750E+01
2.420000E+01     -2.688644E+01
2.430000E+01     -2.693083E+01
2.440000E+01     -2.697099E+01
2.450000E+01     -2.700726E+01
2.460000E+01     -2.704000E+01
2.470000E+01     -2.706957E+01
2.480000E+01     -2.709635E+01
2.490000E+01     -2.712074E+01
2.500000E+01     -2.714314E+01
2.510000E+01     -2.716395E+01
2.520000E+01     -2.718357E+01
2.530000E+01     -2.720243E+01
2.540000E+01     -2.722093E+01
2.550000E+01     -2.723948E+01
2.560000E+01     -2.725849E+01
2.570000E+01     -2.727835E+01
2.580000E+01     -2.729945E+01
2.590000E+01     -2.732217E+01
2.600000E+01     -2.734689E+01
2.610000E+01     -2.737395E+01
2.620000E+01     -2.740369E+01
2.630000E+01     -2.743643E+01
2.640000E+01     -2.747249E+01
2.650000E+01     -2.751214E+01
2.660000E+01     -2.755564E+01
2.670000E+01     -2.760324E+01
2.680000E+01     -2.765516E+01
2.690000E+01     -2.771159E+01
2.700000E+01     -2.777270E+01
2.710000E+01     -2.783864E+01
2.720000E+01     -2.790952E+01
2.730000E+01     -2.798545E+01
2.740000E+01     -2.806648E+01
2.750000E+01     -2.815266E+01
2.760000E+01     -2.824401E+01
2.770000E+01     -2.834051E+01
2.780000E+01     -2.844213E+01
2.790000E+01     -2.854880E+01
2.800000E+01     -2.866044E+01
2.810000E+01     -2.877695E+01
2.820000E+01     -2.889817E+01
2.830000E+01     -2.902397E+01
2.840000E+01     -2.915416E+01
2.850000E+01     -2.928855E+01
2.860000E+01     -2.942691E+01
2.870000E+01     -2.956902E+01
2.880000E+01     -2.971463E+01
2.890000E+01     -2.986346E+01
2.900000E+01     -3.001525E+01
2.910000E+01     -3.016969E+01
2.920000E+01     -3.032650E+01
2.930000E+01     -3.048535E+01
2.940000E+01     -3.064593E+01
2.950000E+01     -3.080792E+01
2.960000E+01     -3.097100E+01
2.970000E+01     -3.113482E+01
2.980000E+01     -3.129908E+01
2.990000E+01     -3.146342E+01
3.000000E+01     -3.162754E+01
3.010000E+01     -3.179111E+01
3.020000E+01     -3.195381E+01
3.030000E+01     -3.211535E+01
3.040000E+01     -3.227541E+01
3.050000E+01     -3.243371E+01
3.060000E+01     -3.258998E+01
3.070000E+01     -3.274395E+01
3.080000E+01     -3.289537E+01
3.090000E+01     -3.304401E+01
3.100000E+01     -3.318964E+01
3.110000E+01     -3.333208E+01
3.120000E+01     -3.347114E+01
3.130000E+01     -3.360664E+01
3.140000E+01     -3.373846E+01
3.150000E+01     -3.386645E+01
3.160000E+01     -3.399053E+01
3.170000E+01     -3.411060E+01
3.180000E+01     -3.422660E+01
3.190000E+01     -3.433849E+01
3.200000E+01     -3.444625E+01
3.210000E+01     -3.454988E+01
3.220000E+01     -3.464940E+01
3.230000E+01     -3.474485E+01
3.240000E+01     -3.483629E+01
3.250000E+01     -3.492380E+01
3.260000E+01     -3.500748E+01
3.270000E+01     -3.508745E+01
3.280000E+01     -3.516384E+01
3.290000E+01     -3.523681E+01
3.300000E+01     -3.530652E+01
3.310000E+01     -3.537314E+01
3.320000E+01     -3.543689E+01
3.330000E+01     -3.549796E+01
3.340000E+01     -3.555658E+01
3.350000E+01     -3.561296E+01
3.360000E+01     -3.566736E+01
3.370000E+01     -3.572001E+01
3.380000E+01     -3.577117E+01
3.390000E+01     -3.582110E+01
3.400000E+01     -3.587004E+01
3.410000E+01     -3.591828E+01
3.420000E+01     -3.596606E+01
3.430000E+01     -3.601366E+01
3.440000E+01     -3.606133E+01
3.450000E+01     -3.610934E+01
3.460000E+01     -3.615793E+01
3.470000E+01     -3.620735E+01
3.480000E+01     -3.625786E+01
3.490000E+01     -3.630968E+01
3.500000E+01     -3.636303E+01
3.510000E+01     -3.641814E+01
3.520000E+01     -3.647520E+01
3.530000E+01     -3.653441E+01
3.540000E+01     -3.659596E+01
3.550000E+01     -3.666000E+01
3.560000E+01     -3.672668E+01
3.570000E+01     -3.679616E+01
3.580000E+01     -3.686854E+01
3.590000E+01     -3.694394E+01
3.600000E+01     -3.702245E+01
3.610000E+01     -3.710413E+01
3.620000E+01     -3.718905E+01
3.630000E+01     -3.727725E+01
3.640000E+01     -3.736875E+01
3.650000E+01     -3.746356E+01
3.660000E+01     -3.756167E+01
3.670000E+01     -3.766305E+01
3.680000E+01     -3.776766E+01
3.690000E+01     -3.787544E+01
3.700000E+01     -3.798633E+01
3.710000E+01     -3.810023E+01
3.720000E+01     -3.821703E+01
3.730000E+01     -3.833664E+01
3.740000E+01     -3.845891E+01
3.750000E+01     -3.858370E+01
3.760000E+01     -3.871087E+01
3.770000E+01     -3.884025E+01
3.780000E+01     -3.897167E+01
3.790000E+01     -3.910495E+01
3.800000E+01     -3.923991E+01
3.810000E+01     -3.937634E+01
3.820000E+01     -3.951406E+01
3.830000E+01     -3.965285E+01
3.840000E+01     -3.979251E+01
3.850000E+01     -3.993283E+01
3.860000E+01     -4.007359E+01
3.870000E+01     -4.021460E+01
3.880000E+01     -4.035563E+01
3.890000E+01     -4.049649E+01
3.900000E+01     -4.063695E+01
3.910000E+01     -4.077684E+01
3.920000E+01     -4.091594E+01
3.930000E+01     -4.105406E+01
3.940000E+01     -4.119104E+01
3.950000E+01     -4.132668E+01
3.960000E+01     -4.146082E+01
3.970000E+01     -4.159331E+01
3.980000E+01     -4.172399E+01
3.990000E+01     -4.185272E+01
4.000000E+01     -4.197939E+01
4.010000E+01     -4.210387E+01
4.020000E+01     -4.222606E+01
4.030000E+01     -4.234587E+01
4.040000E+01     -4.246323E+01
4.050000E+01     -4.257806E+01
4.060000E+01     -4.269032E+01
4.070000E+01     -4.279997E+01
4.080000E+01     -4.290698E+01
4.090000E+01     -4.301135E+01
4.100000E+01     -4.311307E+01
4.110000E+01     -4.321216E+01
4.120000E+01     -4.330865E+01
4.130000E+01     -4.340258E+01
4.140000E+01     -4.349400E+01
4.150000E+01     -4.358298E+01
4.160000E+01     -4.366959E+01
4.170000E+01     -4.375393E+01
4.180000E+01     -4.383609E+01
4.190000E+01     -4.391617E+01
4.200000E+01     -4.399431E+01
4.210000E+01     -4.407062E+01
4.220000E+01     -4.414524E+01
4.230000E+01     -4.421831E+01
4.240000E+01     -4.428997E+01
4.250000E+01     -4.436039E+01
4.260000E+01     -4.442971E+01
4.270000E+01     -4.449810E+01
4.280000E+01     -4.456573E+01
4.290000E+01     -4.463276E+01
4.300000E+01     -4.469936E+01
4.310000E+01     -4.476570E+01
4.320000E+01     -4.483195E+01
4.330000E+01     -4.489827E+01
4.340000E+01     -4.496483E+01
4.350000E+01     -4.503179E+01
4.360000E+01     -4.509931E+01
4.370000E+01     -4.516755E+01
4.380000E+01     -4.523665E+01
4.390000E+01     -4.530676E+01
4.400000E+01     -4.537802E+01
4.410000E+01     -4.545054E+01
4.420000E+01     -4.552447E+01
4.430000E+01     -4.559990E+01
4.440000E+01     -4.567695E+01
4.450000E+01     -4.575571E+01
4.460000E+01     -4.583627E+01
4.470000E+01     -4.591871E+01
4.480000E+01     -4.600308E+01
4.490000E+01     -4.608946E+01
4.500000E+01     -4.617788E+01
4.510000E+01     -4.626837E+01
4.520000E+01     -4.636097E+01
4.530000E+01     -4.645569E+01
4.540000E+01     -4.655252E+01
4.550000E+01     -4.665147E+01
4.560000E+01     -4.675251E+01
4.570000E+01     -4.685562E+01
4.580000E+01     -4.696075E+01
4.590000E+01     -4.706785E+01
4.600000E+01     -4.717688E+01
4.610000E+01     -4.728776E+01
4.620000E+01     -4.740042E+01
4.630000E+01     -4.751477E+01
4.640000E+01     -4.763073E+01
4.650000E+01     -4.774819E+01
4.660000E+01     -4.786705E+01
4.670000E+01     -4.798720E+01
4.680000E+01     -4.810852E+01
4.690000E+01     -4.823090E+01
4.700000E+01     -4.835420E+01
4.710000E+01     -4.847830E+01
4.720000E+01     -4.860307E+01
4.730000E+01     -4.872837E+01
4.740000E+01     -4.885408E+01
4.750000E+01     -4.898005E+01
4.760000E+01     -4.910615E+01
4.770000E+01     -4.923225E+01
4.780000E+01     -4.935821E+01
4.790000E+01     -4.948390E+01
4.800000E+01     -4.960920E+01
4.810000E+01     -4.973398E+01
4.820000E+01     -4.985811E+01
4.830000E+01     -4.998149E+01
4.840000E+01     -5.010399E+01
4.850000E+01     -5.022552E+01
4.860000E+01     -5.034597E+01
4.870000E+01     -5.046525E+01
4.880000E+01     -5.058327E+01
4.890000E+01     -5.069996E+01
4.900000E+01     -5.081523E+01
4.910000E+01     -5.092902E+01
4.920000E+01     -5.104129E+01
4.930000E+01     -5.115197E+01
4.940000E+01     -5.126103E+01
4.950000E+01     -5.136844E+01
4.960000E+01     -5.147417E+01
4.970000E+01     -5.157821E+01
4.980000E+01     -5.168055E+01
4.990000E+01     -5.178120E+01
5.000000E+01     -5.188017E+01
5.010000E+01     -5.197747E+01
5.020000E+01     -5.207314E+01
5.030000E+01     -5.216721E+01
5.040000E+01     -5.225973E+01
5.050000E+01     -5.235073E+01
5.060000E+01     -5.244029E+01
5.070000E+01     -5.252846E+01
5.080000E+01     -5.261532E+01
5.090000E+01     -5.270094E+01
5.100000E+01     -5.278540E+01
5.110000E+01     -5.286880E+01
5.120000E+01     -5.295121E+01
5.130000E+01     -5.303275E+01
5.140000E+01     -5.311349E+01
5.150000E+01     -5.319356E+01
5.160000E+01     -5.327305E+01
5.170000E+01     -5.335206E+01
5.180000E+01     -5.343071E+01
5.190000E+01     -5.350910E+01
5.200000E+01     -5.358734E+01
5.210000E+01     -5.366553E+01
5.220000E+01     -5.374379E+01
5.230000E+01     -5.382223E+01
5.240000E+01     -5.390093E+01
5.250000E+01     -5.398002E+01
5.260000E+01     -5.405957E+01
5.270000E+01     -5.413969E+01
5.280000E+01     -5.422048E+01
5.290000E+01     -5.430201E+01
5.300000E+01     -5.438437E+01
5.310000E+01     -5.446763E+01
5.320000E+01     -5.455188E+01
5.330000E+01     -5.463717E+01
5.340000E+01     -5.472357E+01
5.350000E+01     -5.481112E+01
5.360000E+01     -5.489989E+01
5.370000E+01     -5.498990E+01
5.380000E+01     -5.508120E+01
5.390000E+01     -5.517382E+01
5.400000E+01     -5.526776E+01
5.410000E+01     -5.536306E+01
5.420000E+01     -5.545971E+01
5.430000E+01     -5.555773E+01
5.440000E+01     -5.565709E+01
5.450000E+01     -5.575779E+01
5.460000E+01     -5.585981E+01
5.470000E+01     -5.596312E+01
5.480000E+01     -5.606770E+01
5.490000E+01     -5.617349E+01
5.500000E+01     -5.628047E+01
5.510000E+01     -5.638858E+01
5.520000E+01     -5.649776E+01
5.530000E+01     -5.660796E+01
5.540000E+01     -5.671912E+01
5.550000E+01     -5.683116E+01
5.560000E+01     -5.694401E+01
5.570000E+01     -5.705761E+01
5.580000E+01     -5.717186E+01
5.590000E+01     -5.728670E+01
5.600000E+01     -5.740203E+01
5.610000E+01     -5.751778E+01
5.620000E+01     -5.763386E+01
5.630000E+01     -5.775018E+01
5.640000E+01     -5.786666E+01
5.650000E+01     -5.798321E+01
5.660000E+01     -5.809974E+01
5.670000E+01     -5.821617E+01
5.680000E+01     -5.833241E+01
5.690000E+01     -5.844839E+01
5.700000E+01     -5.856402E+01
5.710000E+01     -5.867923E+01
5.720000E+01     -5.879394E+01
5.730000E+01     -5.890808E+01
5.740000E+01     -5.902159E+01
5.750000E+01     -5.913439E+01
5.760000E+01     -5.924644E+01
5.770000E+01     -5.935767E+01
5.780000E+01     -5.946803E+01
5.790000E+01     -5.957749E+01
5.800000E+01     -5.968599E+01
5.810000E+01     -5.979351E+01
5.820000E+01     -5.990000E+01
5.830000E+01     -6.000546E+01
5.840000E+01     -6.010985E+01
5.850000E+01     -6.021317E+01
5.860000E+01     -6.031540E+01
5.870000E+01     -6.041655E+01
5.880000E+01     -6.051661E+01
5.890000E+01     -6.061560E+01
5.900000E+01     -6.071353E+01
5.910000E+01     -6.081041E+01
5.920000E+01     -6.090626E+01
5.930000E+01     -6.100113E+01
5.940000E+01     -6.109504E+01
5.950000E+01     -6.118802E+01
5.960000E+01     -6.128013E+01
5.970000E+01     -6.137140E+01
5.980000E+01     -6.146188E+01
5.990000E+01     -6.155164E+01
6.000000E+01     -6.164071E+01
6.010000E+01     -6.172917E+01
6.020000E+01     -6.181708E+01
6.030000E+01     -6.190449E+01
6.040000E+01     -6.199148E+01
6.050000E+01     -6.207810E+01
6.060000E+01     -6.216443E+01
6.070000E+01     -6.225054E+01
6.080000E+01     -6.233650E+01
6.090000E+01     -6.242237E+01
6.100000E+01     -6.250823E+01
6.110000E+01     -6.259413E+01
6.120000E+01     -6.268016E+01
6.130000E+01     -6.276637E+01
6.140000E+01     -6.285284E+01
6.150000E+01     -6.293962E+01
6.160000E+01     -6.302677E+01
6.170000E+01     -6.311435E+01
6.180000E+01     -6.320242E+01
6.190000E+01     -6.329103E+01
6.200000E+01     -6.338023E+01
6.210000E+01     -6.347006E+01
6.220000E+01     -6.356057E+01
6.230000E+01     -6.365179E+01
6.240000E+01     -6.374376E+01
6.250000E+01     -6.383651E+01
6.260000E+01     -6.393007E+01
6.270000E+01     -6.402445E+01
6.280000E+01     -6.411967E+01
6.290000E+01     -6.421575E+01
6.300000E+01     -6.431270E+01
6.310000E+01     -6.441052E+01
6.320000E+01     -6.450920E+01
6.330000E+01     -6.460875E+01
6.340000E+01     -6.470916E+01
6.350000E+01     -6.481041E+01
6.360000E+01     -6.491248E+01
6.370000E+01     -6.501536E+01
6.380000E+01     -6.511902E+01
6.390000E+01     -6.522343E+01
6.400000E+01     -6.532856E+01
6.410000E+01     -6.543437E+01
6.420000E+01     -6.554082E+01
6.430000E+01     -6.564789E+01
6.440000E+01     -6.575551E+01
6.450000E+01     -6.586364E+01
6.460000E+01     -6.597224E+01
6.470000E+01     -6.608126E+01
6.480000E+01     -6.619064E+01
6.490000E+01     -6.630033E+01
6.500000E+01     -6.641027E+01
6.510000E+01     -6.652042E+01
6.520000E+01     -6.663072E+01
6.530000E+01     -6.674111E+01
6.540000E+01     -6.685153E+01
6.550000E+01     -6.696193E+01
6.560000E+01     -6.707226E+01
6.570000E+01     -6.718247E+01
6.580000E+01     -6.729249E+01
6.590000E+01     -6.740228E+01
6.600000E+01     -6.751180E+01
6.610000E+01     -6.762099E+01
6.620000E+01     -6.772981E+01
6.630000E+01     -6.783821E+01
6.640000E+01     -6.794616E+01
6.650000E+01     -6.805361E+01
6.660000E+01     -6.816054E+01
6.670000E+01     -6.826691E+01
6.680000E+01     -6.837269E+01
6.690000E+01     -6.847785E+01
6.700000E+01     -6.858239E+01
6.710000E+01     -6.868626E+01
6.720000E+01     -6.878947E+01
6.730000E+01     -6.889199E+01
6.740000E+01     -6.899383E+01
6.750000E+01     -6.909497E+01
6.760000E+01     -6.919541E+01
6.770000E+01     -6.929516E+01
6.780000E+01     -6.939422E+01
6.790000E+01     -6.949260E+01
6.800000E+01     -6.959032E+01
6.810000E+01     -6.968738E+01
6.820000E+01     -6.978381E+01
6.830000E+01     -6.987963E+01
6.840000E+01     -6.997487E+01
6.850000E+01     -7.006954E+01
6.860000E+01     -7.016369E+01
6.870000E+01     -7.025733E+01
6.880000E+01     -7.035052E+01
6.890000E+01     -7.044327E+01
6.900000E+01     -7.053564E+01
6.910000E+01     -7.062766E+01
6.920000E+01     -7.071937E+01
6.930000E+01     -7.081081E+01
6.940000E+01     -7.090203E+01
6.950000E+01     -7.099307E+01
6.960000E+01     -7.108397E+01
6.970000E+01     -7.117478E+01
6.980000E+01     -7.126555E+01
6.990000E+01     -7.135631E+01
7.000000E+01     -7.144711E+01
7.010000E+01     -7.153800E+01
7.020000E+01     -7.162901E+01
7.030000E+01     -7.172019E+01
7.040000E+01     -7.181157E+01
7.050000E+01     -7.190320E+01
7.060000E+01     -7.199512E+01
7.070000E+01     -7.208735E+01
7.080000E+01     -7.217993E+01
7.090000E+01     -7.227289E+01
7.100000E+01     -7.236627E+01
7.110000E+01     -7.246008E+01
7.120000E+01     -7.255435E+01
7.130000E+01     -7.264911E+01
7.140000E+01     -7.274437E+01
7.150000E+01     -7.284014E+01
7.160000E+01     -7.293645E+01
7.170000E+01     -7.303330E+01
7.180000E+01     -7.313070E+01
7.190000E+01     -7.322865E+01
7.200000E+01     -7.332716E+01
7.210000E+01     -7.342623E+01
7.220000E+01     -7.352585E+01
7.230000E+01     -7.362602E+01
7.240000E+01     -7.372673E+01
7.250000E+01     -7.382796E+01
7.260000E+01     -7.392970E+01
7.270000E+01     -7.403195E+01
7.280000E+01     -7.413467E+01
7.290000E+01     -7.423784E+01
7.300000E+01     -7.434146E+01
7.310000E+01     -7.444548E+01
7.320000E+01     -7.454988E+01
7.330000E+01     -7.465464E+01
7.340000E+01     -7.475972E+01
7.350000E+01     -7.486509E+01
7.360000E+01     -7.497073E+01
7.370000E+01     -7.507659E+01
7.380000E+01     -7.518265E+01
7.390000E+01     -7.528887E+01
7.400000E+01     -7.539521E+01
7.410000E+01     -7.550163E+01
7.420000E+01     -7.560811E+01
7.430000E+01     -7.571461E+01
7.440000E+01     -7.582109E+01
7.450000E+01     -7.592752E+01
7.460000E+01     -7.603386E+01
7.470000E+01     -7.614008E+01
7.480000E+01     -7.624615E+01
7.490000E+01     -7.635203E+01
7.500000E+01     -7.645770E+01
7.510000E+01     -7.656313E+01
7.520000E+01     -7.666829E+01
7.530000E+01     -7.677315E+01
7.540000E+01     -7.687769E+01
7.550000E+01     -7.698190E+01
7.560000E+01     -7.708574E+01
7.570000E+01     -7.718920E+01
7.580000E+01     -7.729226E+01
7.590000E+01     -7.739492E+01
7.600000E+01     -7.749716E+01
7.610000E+01     -7.759896E+01
7.620000E+01     -7.770033E+01
7.630000E+01     -7.780125E+01
7.640000E+01     -7.790173E+01
7.650000E+01     -7.800176E+01
7.660000E+01     -7.810135E+01
7.670000E+01     -7.820050E+01
7.680000E+01     -7.829921E+01
7.690000E+01     -7.839750E+01
7.700000E+01     -7.849538E+01
7.710000E+01     -7.859285E+01
7.720000E+01     -7.868993E+01
7.730000E+01     -7.878664E+01
7.740000E+01     -7.888299E+01
7.750000E+01     -7.897900E+01
7.760000E+01     -7.907471E+01
7.770000E+01     -7.917011E+01
7.780000E+01     -7.926525E+01
7.790000E+01     -7.936015E+01
7.800000E+01     -7.945482E+01
7.810000E+01     -7.954930E+01
7.820000E+01     -7.964361E+01
7.830000E+01     -7.973779E+01
7.840000E+01     -7.983185E+01
7.850000E+01     -7.992583E+01
7.860000E+01     -8.001976E+01
7.870000E+01     -8.011366E+01
7.880000E+01     -8.020756E+01
7.890000E+01     -8.030150E+01
7.900000E+01     -8.039549E+01
7.910000E+01     -8.048957E+01
7.920000E+01     -8.058376E+01
7.930000E+01     -8.067808E+01
7.940000E+01     -8.077257E+01
7.950000E+01     -8.086724E+01
7.960000E+01     -8.096212E+01
7.970000E+01     -8.105722E+01
7.980000E+01     -8.115258E+01
7.990000E+01     -8.124820E+01
8.000000E+01     -8.134410E+01
8.010000E+01     -8.144030E+01
8.020000E+01     -8.153681E+01
8.030000E+01     -8.163365E+01
8.040000E+01     -8.173082E+01
8.050000E+01     -8.182833E+01
8.060000E+01     -8.192618E+01
8.070000E+01     -8.202440E+01
8.080000E+01     -8.212296E+01
8.090000E+01     -8.222189E+01
8.100000E+01     -8.232117E+01
8.110000E+01     -8.242080E+01
8.120000E+01     -8.252078E+01
8.130000E+01     -8.262111E+01
8.140000E+01     -8.272178E+01
8.150000E+01     -8.282277E+01
8.160000E+01     -8.292407E+01
8.170000E+01     -8.302568E+01
8.180000E+01     -8.312759E+01
8.190000E+01     -8.322976E+01
8.200000E+01     -8.333220E+01
8.210000E+01     -8.343488E+01
8.220000E+01     -8.353778E+01
8.230000E+01     -8.364089E+01
8.240000E+01     -8.374418E+01
8.250000E+01     -8.384764E+01
8.260000E+01     -8.395123E+01
8.270000E+01     -8.405495E+01
8.280000E+01     -8.415877E+01
8.290000E+01     -8.426266E+01
8.300000E+01     -8.436661E+01
8.310000E+01     -8.447058E+01
8.320000E+01     -8.457456E+01
8.330000E+01     -8.467853E+01
8.340000E+01     -8.478246E+01
8.350000E+01     -8.488633E+01
8.360000E+01     -8.499012E+01
8.370000E+01     -8.509381E+01
8.380000E+01     -8.519738E+01
8.390000E+01     -8.530081E+01
8.400000E+01     -8.540408E+01
8.410000E+01     -8.550718E+01
8.420000E+01     -8.561008E+01
8.430000E+01     -8.571278E+01
8.440000E+01     -8.581526E+01
8.450000E+01     -8.591750E+01
8.460000E+01     -8.601950E+01
8.470000E+01     -8.612124E+01
8.480000E+01     -8.622272E+01
8.490000E+01     -8.632393E+01
8.500000E+01     -8.642486E+01
8.510000E+01     -8.652551E+01
8.520000E+01     -8.662587E+01
8.530000E+01     -8.672596E+01
8.540000E+01     -8.682575E+01
8.550000E+01     -8.692526E+01
8.560000E+01     -8.702449E+01
8.570000E+01     -8.712344E+01
8.580000E+01     -8.722212E+01
8.590000E+01     -8.732054E+01
8.600000E+01     -8.741870E+01
8.610000E+01     -8.751661E+01
8.620000E+01     -8.761428E+01
8.630000E+01     -8.771173E+01
8.640000E+01     -8.780897E+01
8.650000E+01     -8.790600E+01
8.660000E+01     -8.800285E+01
8.670000E+01     -8.809953E+01
8.680000E+01     -8.819606E+01
8.690000E+01     -8.829244E+01
8.700000E+01     -8.838871E+01
8.710000E+01     -8.848487E+01
8.720000E+01     -8.858095E+01
8.730000E+01     -8.867695E+01
8.740000E+01     -8.877291E+01
8.750000E+01     -8.886884E+01
8.760000E+01     -8.896475E+01
8.770000E+01     -8.906067E+01
8.780000E+01     -8.915661E+01
8.790000E+01     -8.925259E+01
8.800000E+01     -8.934862E+01
8.810000E+01     -8.944473E+01
8.820000E+01     -8.954093E+01
8.830000E+01     -8.963724E+01
8.840000E+01     -8.973367E+01
8.850000E+01     -8.983023E+01
8.860000E+01     -8.992694E+01
8.870000E+01     -9.002381E+01
8.880000E+01     -9.012085E+01
8.890000E+01     -9.021808E+01
8.900000E+01     -9.031550E+01
8.910000E+01     -9.041311E+01
8.920000E+01     -9.051094E+01
8.930000E+01     -9.060898E+01
8.940000E+01     -9.070724E+01
8.950000E+01     -9.080573E+01
8.960000E+01     -9.090444E+01
8.970000E+01     -9.100338E+01
8.980000E+01     -9.110254E+01
8.990000E+01     -9.120194E+01
9.000000E+01     -9.130156E+01
9.010000E+01     -9.140141E+01
9.020000E+01     -9.150147E+01
9.030000E+01     -9.160175E+01
9.040000E+01     -9.170224E+01
9.050000E+01     -9.180293E+01
9.060000E+01     -9.190381E+01
9.070000E+01     -9.200488E+01
9.080000E+01     -9.210612E+01
9.090000E+01     -9.220753E+01
9.100000E+01     -9.230909E+01
9.110000E+01     -9.241079E+01
9.120000E+01     -9.251262E+01
9.130000E+01     -9.261457E+01
9.140000E+01     -9.271662E+01
9.150000E+01     -9.281876E+01
9.160000E+01     -9.292097E+01
9.170000E+01     -9.302325E+01
9.180000E+01     -9.312557E+01
9.190000E+01     -9.322792E+01
9.200000E+01     -9.333029E+01
9.210000E+01     -9.343266E+01
9.220000E+01     -9.353502E+01
9.230000E+01     -9.363735E+01
9.240000E+01     -9.373964E+01
9.250000E+01     -9.384188E+01
9.260000E+01     -9.394406E+01
9.270000E+01     -9.404615E+01
9.280000E+01     -9.414815E+01
9.290000E+01     -9.425005E+01
9.300000E+01     -9.435183E+01
9.310000E+01     -9.445349E+01
9.320000E+01     -9.455502E+01
9.330000E+01     -9.465640E+01
9.340000E+01     -9.475763E+01
9.350000E+01     -9.485871E+01
9.360000E+01     -9.495962E+01
9.370000E+01     -9.506036E+01
9.380000E+01     -9.516092E+01
9.390000E+01     -9.526131E+01
9.400000E+01     -9.536152E+01
9.410000E+01     -9.546155E+01
9.420000E+01     -9.556139E+01
9.430000E+01     -9.566105E+01
9.440000E+01     -9.576053E+01
9.450000E+01     -9.585982E+01
9.460000E+01     -9.595895E+01
9.470000E+01     -9.605789E+01
9.480000E+01     -9.615667E+01
9.490000E+01     -9.625529E+01
9.500000E+01     -9.635374E+01
9.510000E+01     -9.645205E+01
9.520000E+01     -9.655021E+01
9.530000E+01     -9.664824E+01
9.540000E+01     -9.674614E+01
9.550000E+01     -9.684393E+01
9.560000E+01     -9.694160E+01
9.570000E+01     -9.703918E+01
9.580000E+01     -9.713667E+01
9.590000E+01     -9.723409E+01
9.600000E+01     -9.733144E+01
9.610000E+01     -9.742874E+01
9.620000E+01     -9.752600E+01
9.630000E+01     -9.762322E+01
9.640000E+01     -9.772043E+01
9.650000E+01     -9.781763E+01
9.660000E+01     -9.791484E+01
9.670000E+01     -9.801206E+01
9.680000E+01     -9.810931E+01
9.690000E+01     -9.820660E+01
9.700000E+01     -9.830394E+01
9.710000E+01     -9.840133E+01
9.720000E+01     -9.849880E+01
9.730000E+01     -9.859634E+01
9.740000E+01     -9.869398E+01
9.750000E+01     -9.879171E+01
9.760000E+01     -9.888954E+01
9.770000E+01     -9.898748E+01
9.780000E+01     -9.908554E+01
9.790000E+01     -9.918373E+01
9.800000E+01     -9.928205E+01
9.810000E+01     -9.938050E+01
9.820000E+01     -9.947908E+01
9.830000E+01     -9.957781E+01
9.840000E+01     -9.967669E+01
9.850000E+01     -9.977570E+01
9.860000E+01     -9.987487E+01
9.870000E+01     -9.997418E+01
9.880000E+01     -1.000736E+02
9.890000E+01     -1.001732E+02
9.900000E+01     -1.002730E+02
9.910000E+01     -1.003729E+02
9.920000E+01     -1.004729E+02
9.930000E+01     -1.005730E+02
9.940000E+01     -1.006733E+02
9.950000E+01     -1.007737E+02
9.960000E+01     -1.008743E+02
9.970000E+01     -1.009749E+02
9.980000E+01     -1.010756E+02
9.990000E+01     -1.011765E+02
