1.000000E-01     1.087562E+00
2.000000E-01     1.159514E+00
3.000000E-01     1.214370E+00
4.000000E-01     1.250684E+00
5.000000E-01     1.267052E+00
6.000000E-01     1.262117E+00
7.000000E-01     1.234564E+00
8.000000E-01     1.183128E+00
9.000000E-01     1.106594E+00
1.000000E+00     1.003798E+00
1.100000E+00     8.736262E-01
1.200000E+00     7.150222E-01
1.300000E+00     5.269828E-01
1.400000E+00     3.085617E-01
1.500000E+00     5.887018E-02
1.600000E+00     -2.229221E-01
1.700000E+00     -5.375862E-01
1.800000E+00     -8.858328E-01
1.900000E+00     -1.268312E+00
2.000000E+00     -1.685613E+00
2.100000E+00     -2.138262E+00
2.200000E+00     -2.626724E+00
2.300000E+00     -3.151402E+00
2.400000E+00     -3.712635E+00
2.500000E+00     -4.310702E+00
2.600000E+00     -4.945816E+00
2.700000E+00     -5.618131E+00
2.800000E+00     -6.327737E+00
2.900000E+00     -7.074663E+00
3.000000E+00     -7.858877E+00
3.100000E+00     -8.680285E+00
3.200000E+00     -9.538735E+00
3.300000E+00     -1.043402E+01
3.400000E+00     -1.136585E+01
3.500000E+00     -1.233392E+01
3.600000E+00     -1.333784E+01
3.700000E+00     -1.437716E+01
3.800000E+00     -1.545140E+01
3.900000E+00     -1.656000E+01
4.000000E+00     -1.770236E+01
4.100000E+00     -1.887785E+01
4.200000E+00     -2.008575E+01
4.300000E+00     -2.132533E+01
4.400000E+00     -2.259580E+01
4.500000E+00     -2.389632E+01
4.600000E+00     -2.522601E+01
4.700000E+00     -2.658396E+01
4.800000E+00     -2.796922E+01
4.900000E+00     -2.938079E+01
5.000000E+00     -3.081764E+01
5.100000E+00     -3.227872E+01
5.200000E+00     -3.376293E+01
5.300000E+00     -3.526916E+01
5.400000E+00     -3.679626E+01
5.500000E+00     -3.834307E+01
5.600000E+00     -3.990838E+01
5.700000E+00     -4.149098E+01
5.800000E+00     -4.308966E+01
5.900000E+00     -4.470315E+01
6.000000E+00     -4.633019E+01
6.100000E+00     -4.796953E+01
6.200000E+00     -4.961986E+01
6.300000E+00     -5.127991E+01
6.400000E+00     -5.294837E+01
6.500000E+00     -5.462396E+01
6.600000E+00     -5.630537E+01
6.700000E+00     -5.799131E+01
6.800000E+00     -5.968048E+01
6.900000E+00     -6.137159E+01
7.000000E+00     -6.306337E+01
7.100000E+00     -6.475454E+01
7.200000E+00     -6.644384E+01
7.300000E+00     -6.813003E+01
7.400000E+00     -6.981188E+01
7.500000E+00     -7.148817E+01
7.600000E+00     -7.315771E+01
7.700000E+00     -7.481932E+01
7.800000E+00     -7.647187E+01
7.900000E+00     -7.811421E+01
8.000000E+00     -7.974525E+01
8.100000E+00     -8.136393E+01
8.200000E+00     -8.296918E+01
8.300000E+00     -8.456001E+01
8.400000E+00     -8.613543E+01
8.500000E+00     -8.769449E+01
8.600000E+00     -8.923629E+01
8.700000E+00     -9.075994E+01
8.800000E+00     -9.226461E+01
8.900000E+00     -9.374949E+01
9.000000E+00     -9.521382E+01
9.100000E+00     -9.665687E+01
9.200000E+00     -9.807797E+01
9.300000E+00     -9.947648E+01
9.400000E+00     -1.008518E+02
9.500000E+00     -1.022033E+02
9.600000E+00     -1.035306E+02
9.700000E+00     -1.048332E+02
9.800000E+00     -1.061106E+02
9.900000E+00     -1.073625E+02
1.000000E+01     -1.085885E+02
1.010000E+01     -1.097884E+02
1.020000E+01     -1.109618E+02
1.030000E+01     -1.121087E+02
1.040000E+01     -1.132288E+02
1.050000E+01     -1.143220E+02
1.060000E+01     -1.153883E+02
1.070000E+01     -1.164276E+02
1.080000E+01     -1.174401E+02
1.090000E+01     -1.184256E+02
1.100000E+01     -1.193845E+02
1.110000E+01     -1.203167E+02
1.120000E+01     -1.212226E+02
1.130000E+01     -1.221022E+02
1.140000E+01     -1.229561E+02
1.150000E+01     -1.237843E+02
1.160000E+01     -1.245874E+02
1.170000E+01     -1.253656E+02
1.180000E+01     -1.261195E+02
1.190000E+01     -1.268495E+02
1.200000E+01     -1.275561E+02
1.210000E+01     -1.282398E+02
1.220000E+01     -1.289012E+02
1.230000E+01     -1.295410E+02
1.240000E+01     -1.301597E+02
1.250000E+01     -1.307580E+02
1.260000E+01     -1.313366E+02
1.270000E+01     -1.318962E+02
1.280000E+01     -1.324376E+02
1.290000E+01     -1.329615E+02
1.300000E+01     -1.334688E+02
1.310000E+01     -1.339601E+02
1.320000E+01     -1.344364E+02
1.330000E+01     -1.348985E+02
1.340000E+01     -1.353473E+02
1.350000E+01     -1.357836E+02
1.360000E+01     -1.362083E+02
1.370000E+01     -1.366224E+02
1.380000E+01     -1.370266E+02
1.390000E+01     -1.374221E+02
1.400000E+01     -1.378096E+02
1.410000E+01     -1.381901E+02
1.420000E+01     -1.385645E+02
1.430000E+01     -1.389339E+02
1.440000E+01     -1.392990E+02
1.450000E+01     -1.396610E+02
1.460000E+01     -1.400206E+02
1.470000E+01     -1.403788E+02
1.480000E+01     -1.407366E+02
1.490000E+01     -1.410948E+02
1.500000E+01     -1.414544E+02
1.510000E+01     -1.418163E+02
1.520000E+01     -1.421813E+02
1.530000E+01     -1.425504E+02
1.540000E+01     -1.429243E+02
1.550000E+01     -1.433040E+02
1.560000E+01     -1.436903E+02
1.570000E+01     -1.440840E+02
1.580000E+01     -1.444858E+02
1.590000E+01     -1.448966E+02
1.600000E+01     -1.453171E+02
1.610000E+01     -1.457481E+02
1.620000E+01     -1.461902E+02
1.630000E+01     -1.466441E+02
1.640000E+01     -1.471105E+02
1.650000E+01     -1.475900E+02
1.660000E+01     -1.480832E+02
1.670000E+01     -1.485908E+02
1.680000E+01     -1.491132E+02
1.690000E+01     -1.496509E+02
1.700000E+01     -1.502046E+02
1.710000E+01     -1.507745E+02
1.720000E+01     -1.513613E+02
1.730000E+01     -1.519651E+02
1.740000E+01     -1.525865E+02
1.750000E+01     -1.532258E+02
1.760000E+01     -1.538833E+02
1.770000E+01     -1.545592E+02
1.780000E+01     -1.552537E+02
1.790000E+01     -1.559672E+02
1.800000E+01     -1.566997E+02
1.810000E+01     -1.574515E+02
1.820000E+01     -1.582226E+02
1.830000E+01     -1.590130E+02
1.840000E+01     -1.598230E+02
1.850000E+01     -1.606523E+02
1.860000E+01     -1.615012E+02
1.870000E+01     -1.623694E+02
1.880000E+01     -1.632569E+02
1.890000E+01     -1.641636E+02
1.900000E+01     -1.650894E+02
1.910000E+01     -1.660340E+02
1.920000E+01     -1.669974E+02
1.930000E+01     -1.679791E+02
1.940000E+01     -1.689791E+02
1.950000E+01     -1.699970E+02
1.960000E+01     -1.710324E+02
1.970000E+01     -1.720852E+02
1.980000E+01     -1.731548E+02
1.990000E+01     -1.742409E+02
2.000000E+01     -1.753430E+02
2.010000E+01     -1.764609E+02
2.020000E+01     -1.775939E+02
2.030000E+01     -1.787416E+02
2.040000E+01     -1.799035E+02
2.050000E+01     -1.810792E+02
2.060000E+01     -1.822679E+02
2.070000E+01     -1.834693E+02
2.080000E+01     -1.846827E+02
2.090000E+01     -1.859076E+02
2.100000E+01     -1.871433E+02
2.110000E+01     -1.883893E+02
2.120000E+01     -1.896449E+02
2.130000E+01     -1.909094E+02
2.140000E+01     -1.921824E+02
2.150000E+01     -1.934630E+02
2.160000E+01     -1.947506E+02
2.170000E+01     -1.960446E+02
2.180000E+01     -1.973443E+02
2.190000E+01     -1.986491E+02
2.200000E+01     -1.999582E+02
2.210000E+01     -2.012709E+02
2.220000E+01     -2.025867E+02
2.230000E+01     -2.039048E+02
2.240000E+01     -2.052246E+02
2.250000E+01     -2.065453E+02
2.260000E+01     -2.078663E+02
2.270000E+01     -2.091870E+02
2.280000E+01     -2.105067E+02
2.290000E+01     -2.118248E+02
2.300000E+01     -2.131405E+02
2.310000E+01     -2.144533E+02
2.320000E+01     -2.157626E+02
2.330000E+01     -2.170676E+02
2.340000E+01     -2.183680E+02
2.350000E+01     -2.196630E+02
2.360000E+01     -2.209520E+02
2.370000E+01     -2.222346E+02
2.380000E+01     -2.235102E+02
2.390000E+01     -2.247782E+02
2.400000E+01     -2.260381E+02
2.410000E+01     -2.272895E+02
2.420000E+01     -2.285319E+02
2.430000E+01     -2.297648E+02
2.440000E+01     -2.309878E+02
2.450000E+01     -2.322004E+02
2.460000E+01     -2.334023E+02
2.470000E+01     -2.345931E+02
2.480000E+01     -2.357724E+02
2.490000E+01     -2.369399E+02
2.500000E+01     -2.380953E+02
2.510000E+01     -2.392383E+02
2.520000E+01     -2.403687E+02
2.530000E+01     -2.414861E+02
2.540000E+01     -2.425904E+02
2.550000E+01     -2.436814E+02
2.560000E+01     -2.447589E+02
2.570000E+01     -2.458228E+02
2.580000E+01     -2.468728E+02
2.590000E+01     -2.479090E+02
2.600000E+01     -2.489313E+02
2.610000E+01     -2.499395E+02
2.620000E+01     -2.509337E+02
2.630000E+01     -2.519139E+02
2.640000E+01     -2.528800E+02
2.650000E+01     -2.538321E+02
2.660000E+01     -2.547702E+02
2.670000E+01     -2.556945E+02
2.680000E+01     -2.566051E+02
2.690000E+01     -2.575020E+02
2.700000E+01     -2.583854E+02
2.710000E+01     -2.592555E+02
2.720000E+01     -2.601125E+02
2.730000E+01     -2.609566E+02
2.740000E+01     -2.617880E+02
2.750000E+01     -2.626069E+02
2.760000E+01     -2.634136E+02
2.770000E+01     -2.642084E+02
2.780000E+01     -2.649917E+02
2.790000E+01     -2.657636E+02
2.800000E+01     -2.665246E+02
2.810000E+01     -2.672749E+02
2.820000E+01     -2.680150E+02
2.830000E+01     -2.687453E+02
2.840000E+01     -2.694660E+02
2.850000E+01     -2.701777E+02
2.860000E+01     -2.708806E+02
2.870000E+01     -2.715754E+02
2.880000E+01     -2.722623E+02
2.890000E+01     -2.729418E+02
2.900000E+01     -2.736143E+02
2.910000E+01     -2.742804E+02
2.920000E+01     -2.749405E+02
2.930000E+01     -2.755951E+02
2.940000E+01     -2.762445E+02
2.950000E+01     -2.768894E+02
2.960000E+01     -2.775302E+02
2.970000E+01     -2.781674E+02
2.980000E+01     -2.788014E+02
2.990000E+01     -2.794328E+02
3.000000E+01     -2.800620E+02
3.010000E+01     -2.806896E+02
3.020000E+01     -2.813159E+02
3.030000E+01     -2.819416E+02
3.040000E+01     -2.825671E+02
3.050000E+01     -2.831928E+02
3.060000E+01     -2.838193E+02
3.070000E+01     -2.844470E+02
3.080000E+01     -2.850764E+02
3.090000E+01     -2.857078E+02
3.100000E+01     -2.863419E+02
3.110000E+01     -2.869790E+02
3.120000E+01     -2.876195E+02
3.130000E+01     -2.882639E+02
3.140000E+01     -2.889126E+02
3.150000E+01     -2.895659E+02
3.160000E+01     -2.902244E+02
3.170000E+01     -2.908883E+02
3.180000E+01     -2.915580E+02
3.190000E+01     -2.922340E+02
3.200000E+01     -2.929164E+02
3.210000E+01     -2.936057E+02
3.220000E+01     -2.943022E+02
3.230000E+01     -2.950062E+02
3.240000E+01     -2.957179E+02
3.250000E+01     -2.964376E+02
3.260000E+01     -2.971657E+02
3.270000E+01     -2.979022E+02
3.280000E+01     -2.986475E+02
3.290000E+01     -2.994018E+02
3.300000E+01     -3.001652E+02
3.310000E+01     -3.009379E+02
3.320000E+01     -3.017201E+02
3.330000E+01     -3.025120E+02
3.340000E+01     -3.033136E+02
3.350000E+01     -3.041250E+02
3.360000E+01     -3.049464E+02
3.370000E+01     -3.057778E+02
3.380000E+01     -3.066193E+02
3.390000E+01     -3.074709E+02
3.400000E+01     -3.083327E+02
3.410000E+01     -3.092046E+02
3.420000E+01     -3.100866E+02
3.430000E+01     -3.109787E+02
3.440000E+01     -3.118809E+02
3.450000E+01     -3.127932E+02
3.460000E+01     -3.137153E+02
3.470000E+01     -3.146473E+02
3.480000E+01     -3.155890E+02
3.490000E+01     -3.165403E+02
3.500000E+01     -3.175011E+02
3.510000E+01     -3.184713E+02
3.520000E+01     -3.194506E+02
3.530000E+01     -3.204388E+02
3.540000E+01     -3.214359E+02
3.550000E+01     -3.224416E+02
3.560000E+01     -3.234556E+02
3.570000E+01     -3.244778E+02
3.580000E+01     -3.255079E+02
3.590000E+01     -3.265457E+02
3.600000E+01     -3.275908E+02
3.610000E+01     -3.286431E+02
3.620000E+01     -3.297022E+02
3.630000E+01     -3.307679E+02
3.640000E+01     -3.318398E+02
3.650000E+01     -3.329177E+02
3.660000E+01     -3.340012E+02
3.670000E+01     -3.350901E+02
3.680000E+01     -3.361839E+02
3.690000E+01     -3.372825E+02
3.700000E+01     -3.383853E+02
3.710000E+01     -3.394922E+02
3.720000E+01     -3.406027E+02
3.730000E+01     -3.417165E+02
3.740000E+01     -3.428332E+02
3.750000E+01     -3.439526E+02
3.760000E+01     -3.450742E+02
3.770000E+01     -3.461977E+02
3.780000E+01     -3.473228E+02
3.790000E+01     -3.484490E+02
3.800000E+01     -3.495761E+02
3.810000E+01     -3.507037E+02
3.820000E+01     -3.518315E+02
3.830000E+01     -3.529590E+02
3.840000E+01     -3.540860E+02
3.850000E+01     -3.552121E+02
3.860000E+01     -3.563370E+02
3.870000E+01     -3.574604E+02
3.880000E+01     -3.585819E+02
3.890000E+01     -3.597012E+02
3.900000E+01     -3.608180E+02
3.910000E+01     -3.619320E+02
3.920000E+01     -3.630429E+02
3.930000E+01     -3.641504E+02
3.940000E+01     -3.652542E+02
3.950000E+01     -3.663541E+02
3.960000E+01     -3.674498E+02
3.970000E+01     -3.685410E+02
3.980000E+01     -3.696274E+02
3.990000E+01     -3.707089E+02
4.000000E+01     -3.717853E+02
4.010000E+01     -3.728562E+02
4.020000E+01     -3.739215E+02
4.030000E+01     -3.749810E+02
4.040000E+01     -3.760346E+02
4.050000E+01     -3.770819E+02
4.060000E+01     -3.781230E+02
4.070000E+01     -3.791576E+02
4.080000E+01     -3.801855E+02
4.090000E+01     -3.812068E+02
4.100000E+01     -3.822211E+02
4.110000E+01     -3.832286E+02
4.120000E+01     -3.842290E+02
4.130000E+01     -3.852222E+02
4.140000E+01     -3.862083E+02
4.150000E+01     -3.871872E+02
4.160000E+01     -3.881587E+02
4.170000E+01     -3.891230E+02
4.180000E+01     -3.900799E+02
4.190000E+01     -3.910295E+02
4.200000E+01     -3.919718E+02
4.210000E+01     -3.929068E+02
4.220000E+01     -3.938346E+02
4.230000E+01     -3.947551E+02
4.240000E+01     -3.956684E+02
4.250000E+01     -3.965746E+02
4.260000E+01     -3.974738E+02
4.270000E+01     -3.983661E+02
4.280000E+01     -3.992515E+02
4.290000E+01     -4.001302E+02
4.300000E+01     -4.010023E+02
4.310000E+01     -4.018679E+02
4.320000E+01     -4.027272E+02
4.330000E+01     -4.035802E+02
4.340000E+01     -4.044272E+02
4.350000E+01     -4.052683E+02
4.360000E+01     -4.061038E+02
4.370000E+01     -4.069337E+02
4.380000E+01     -4.077582E+02
4.390000E+01     -4.085776E+02
4.400000E+01     -4.093921E+02
4.410000E+01     -4.102019E+02
4.420000E+01     -4.110071E+02
4.430000E+01     -4.118081E+02
4.440000E+01     -4.126050E+02
4.450000E+01     -4.133980E+02
4.460000E+01     -4.141874E+02
4.470000E+01     -4.149735E+02
4.480000E+01     -4.157565E+02
4.490000E+01     -4.165365E+02
4.500000E+01     -4.173140E+02
4.510000E+01     -4.180890E+02
4.520000E+01     -4.188620E+02
4.530000E+01     -4.196330E+02
4.540000E+01     -4.204025E+02
4.550000E+01     -4.211706E+02
4.560000E+01     -4.219375E+02
4.570000E+01     -4.227036E+02
4.580000E+01     -4.234691E+02
4.590000E+01     -4.242343E+02
4.600000E+01     -4.249993E+02
4.610000E+01     -4.257646E+02
4.620000E+01     -4.265302E+02
4.630000E+01     -4.272964E+02
4.640000E+01     -4.280635E+02
4.650000E+01     -4.288318E+02
4.660000E+01     -4.296014E+02
4.670000E+01     -4.303726E+02
4.680000E+01     -4.311456E+02
4.690000E+01     -4.319206E+02
4.700000E+01     -4.326979E+02
4.710000E+01     -4.334776E+02
4.720000E+01     -4.342600E+02
4.730000E+01     -4.350453E+02
4.740000E+01     -4.358336E+02
4.750000E+01     -4.366251E+02
4.760000E+01     -4.374201E+02
4.770000E+01     -4.382186E+02
4.780000E+01     -4.390209E+02
4.790000E+01     -4.398271E+02
4.800000E+01     -4.406373E+02
4.810000E+01     -4.414517E+02
4.820000E+01     -4.422705E+02
4.830000E+01     -4.430937E+02
4.840000E+01     -4.439215E+02
4.850000E+01     -4.447539E+02
4.860000E+01     -4.455911E+02
4.870000E+01     -4.464332E+02
4.880000E+01     -4.472803E+02
4.890000E+01     -4.481323E+02
4.900000E+01     -4.489895E+02
4.910000E+01     -4.498518E+02
4.920000E+01     -4.507193E+02
4.930000E+01     -4.515920E+02
4.940000E+01     -4.524699E+02
4.950000E+01     -4.533532E+02
4.960000E+01     -4.542417E+02
4.970000E+01     -4.551355E+02
4.980000E+01     -4.560346E+02
4.990000E+01     -4.569390E+02
5.000000E+01     -4.578486E+02
5.010000E+01     -4.587634E+02
5.020000E+01     -4.596834E+02
5.030000E+01     -4.606086E+02
5.040000E+01     -4.615388E+02
5.050000E+01     -4.624740E+02
5.060000E+01     -4.634141E+02
5.070000E+01     -4.643592E+02
5.080000E+01     -4.653090E+02
5.090000E+01     -4.662634E+02
5.100000E+01     -4.672225E+02
5.110000E+01     -4.681860E+02
5.120000E+01     -4.691539E+02
5.130000E+01     -4.701260E+02
5.140000E+01     -4.711022E+02
5.150000E+01     -4.720825E+02
5.160000E+01     -4.730665E+02
5.170000E+01     -4.740543E+02
5.180000E+01     -4.750457E+02
5.190000E+01     -4.760404E+02
5.200000E+01     -4.770384E+02
5.210000E+01     -4.780395E+02
5.220000E+01     -4.790436E+02
5.230000E+01     -4.800504E+02
5.240000E+01     -4.810598E+02
5.250000E+01     -4.820716E+02
5.260000E+01     -4.830857E+02
5.270000E+01     -4.841019E+02
5.280000E+01     -4.851199E+02
5.290000E+01     -4.861397E+02
5.300000E+01     -4.871610E+02
5.310000E+01     -4.881836E+02
5.320000E+01     -4.892074E+02
5.330000E+01     -4.902322E+02
5.340000E+01     -4.912578E+02
5.350000E+01     -4.922840E+02
5.360000E+01     -4.933107E+02
5.370000E+01     -4.943375E+02
5.380000E+01     -4.953645E+02
5.390000E+01     -4.963913E+02
5.400000E+01     -4.974179E+02
5.410000E+01     -4.984439E+02
5.420000E+01     -4.994694E+02
5.430000E+01     -5.004940E+02
5.440000E+01     -5.015176E+02
5.450000E+01     -5.025401E+02
5.460000E+01     -5.035613E+02
5.470000E+01     -5.045810E+02
5.480000E+01     -5.055991E+02
5.490000E+01     -5.066154E+02
5.500000E+01     -5.076297E+02
5.510000E+01     -5.086420E+02
5.520000E+01     -5.096522E+02
5.530000E+01     -5.106599E+02
5.540000E+01     -5.116652E+02
5.550000E+01     -5.126679E+02
5.560000E+01     -5.136679E+02
5.570000E+01     -5.146651E+02
5.580000E+01     -5.156594E+02
5.590000E+01     -5.166506E+02
5.600000E+01     -5.176387E+02
5.610000E+01     -5.186235E+02
5.620000E+01     -5.196051E+02
5.630000E+01     -5.205833E+02
5.640000E+01     -5.215581E+02
5.650000E+01     -5.225293E+02
5.660000E+01     -5.234970E+02
5.670000E+01     -5.244610E+02
5.680000E+01     -5.254213E+02
5.690000E+01     -5.263780E+02
5.700000E+01     -5.273309E+02
5.710000E+01     -5.282800E+02
5.720000E+01     -5.292253E+02
5.730000E+01     -5.301668E+02
5.740000E+01     -5.311045E+02
5.750000E+01     -5.320384E+02
5.760000E+01     -5.329685E+02
5.770000E+01     -5.338947E+02
5.780000E+01     -5.348172E+02
5.790000E+01     -5.357359E+02
5.800000E+01     -5.366508E+02
5.810000E+01     -5.375621E+02
5.820000E+01     -5.384697E+02
5.830000E+01     -5.393737E+02
5.840000E+01     -5.402741E+02
5.850000E+01     -5.411710E+02
5.860000E+01     -5.420645E+02
5.870000E+01     -5.429546E+02
5.880000E+01     -5.438414E+02
5.890000E+01     -5.447249E+02
5.900000E+01     -5.456053E+02
5.910000E+01     -5.464827E+02
5.920000E+01     -5.473571E+02
5.930000E+01     -5.482286E+02
5.940000E+01     -5.490973E+02
5.950000E+01     -5.499633E+02
5.960000E+01     -5.508268E+02
5.970000E+01     -5.516878E+02
5.980000E+01     -5.525465E+02
5.990000E+01     -5.534030E+02
6.000000E+01     -5.542573E+02
6.010000E+01     -5.551096E+02
6.020000E+01     -5.559601E+02
6.030000E+01     -5.568088E+02
6.040000E+01     -5.576559E+02
6.050000E+01     -5.585015E+02
6.060000E+01     -5.593457E+02
6.070000E+01     -5.601887E+02
6.080000E+01     -5.610306E+02
6.090000E+01     -5.618715E+02
6.100000E+01     -5.627116E+02
6.110000E+01     -5.635510E+02
6.120000E+01     -5.643898E+02
6.130000E+01     -5.652282E+02
6.140000E+01     -5.660662E+02
6.150000E+01     -5.669041E+02
6.160000E+01     -5.677419E+02
6.170000E+01     -5.685799E+02
6.180000E+01     -5.694180E+02
6.190000E+01     -5.702565E+02
6.200000E+01     -5.710954E+02
6.210000E+01     -5.719350E+02
6.220000E+01     -5.727752E+02
6.230000E+01     -5.736163E+02
6.240000E+01     -5.744583E+02
6.250000E+01     -5.753014E+02
6.260000E+01     -5.761457E+02
6.270000E+01     -5.769913E+02
6.280000E+01     -5.778382E+02
6.290000E+01     -5.786867E+02
6.300000E+01     -5.795367E+02
6.310000E+01     -5.803884E+02
6.320000E+01     -5.812420E+02
6.330000E+01     -5.820973E+02
6.340000E+01     -5.829547E+02
6.350000E+01     -5.838141E+02
6.360000E+01     -5.846756E+02
6.370000E+01     -5.855393E+02
6.380000E+01     -5.864052E+02
6.390000E+01     -5.872735E+02
6.400000E+01     -5.881442E+02
6.410000E+01     -5.890173E+02
6.420000E+01     -5.898929E+02
6.430000E+01     -5.907710E+02
6.440000E+01     -5.916517E+02
6.450000E+01     -5.925351E+02
6.460000E+01     -5.934211E+02
6.470000E+01     -5.943097E+02
6.480000E+01     -5.952011E+02
6.490000E+01     -5.960952E+02
6.500000E+01     -5.969921E+02
6.510000E+01     -5.978917E+02
6.520000E+01     -5.987940E+02
6.530000E+01     -5.996992E+02
6.540000E+01     -6.006070E+02
6.550000E+01     -6.015177E+02
6.560000E+01     -6.024310E+02
6.570000E+01     -6.033471E+02
6.580000E+01     -6.042658E+02
6.590000E+01     -6.051873E+02
6.600000E+01     -6.061114E+02
6.610000E+01     -6.070381E+02
6.620000E+01     -6.079673E+02
6.630000E+01     -6.088991E+02
6.640000E+01     -6.098334E+02
6.650000E+01     -6.107702E+02
6.660000E+01     -6.117093E+02
6.670000E+01     -6.126507E+02
6.680000E+01     -6.135944E+02
6.690000E+01     -6.145403E+02
6.700000E+01     -6.154884E+02
6.710000E+01     -6.164385E+02
6.720000E+01     -6.173907E+02
6.730000E+01     -6.183447E+02
6.740000E+01     -6.193007E+02
6.750000E+01     -6.202584E+02
6.760000E+01     -6.212177E+02
6.770000E+01     -6.221787E+02
6.780000E+01     -6.231413E+02
6.790000E+01     -6.241052E+02
6.800000E+01     -6.250705E+02
6.810000E+01     -6.260371E+02
6.820000E+01     -6.270049E+02
6.830000E+01     -6.279737E+02
6.840000E+01     -6.289435E+02
6.850000E+01     -6.299142E+02
6.860000E+01     -6.308857E+02
6.870000E+01     -6.318578E+02
6.880000E+01     -6.328306E+02
6.890000E+01     -6.338039E+02
6.900000E+01     -6.347776E+02
6.910000E+01     -6.357516E+02
6.920000E+01     -6.367259E+02
6.930000E+01     -6.377002E+02
6.940000E+01     -6.386746E+02
6.950000E+01     -6.396490E+02
6.960000E+01     -6.406231E+02
6.970000E+01     -6.415970E+02
6.980000E+01     -6.425706E+02
6.990000E+01     -6.435438E+02
7.000000E+01     -6.445164E+02
7.010000E+01     -6.454884E+02
7.020000E+01     -6.464598E+02
7.030000E+01     -6.474304E+02
7.040000E+01     -6.484001E+02
7.050000E+01     -6.493689E+02
7.060000E+01     -6.503367E+02
7.070000E+01     -6.513034E+02
7.080000E+01     -6.522689E+02
7.090000E+01     -6.532333E+02
7.100000E+01     -6.541963E+02
7.110000E+01     -6.551580E+02
7.120000E+01     -6.561182E+02
7.130000E+01     -6.570770E+02
7.140000E+01     -6.580343E+02
7.150000E+01     -6.589900E+02
7.160000E+01     -6.599440E+02
7.170000E+01     -6.608964E+02
7.180000E+01     -6.618470E+02
7.190000E+01     -6.627959E+02
7.200000E+01     -6.637430E+02
7.210000E+01     -6.646883E+02
7.220000E+01     -6.656316E+02
7.230000E+01     -6.665731E+02
7.240000E+01     -6.675127E+02
7.250000E+01     -6.684503E+02
7.260000E+01     -6.693860E+02
7.270000E+01     -6.703197E+02
7.280000E+01     -6.712515E+02
7.290000E+01     -6.721812E+02
7.300000E+01     -6.731090E+02
7.310000E+01     -6.740347E+02
7.320000E+01     -6.749585E+02
7.330000E+01     -6.758803E+02
7.340000E+01     -6.768001E+02
7.350000E+01     -6.777179E+02
7.360000E+01     -6.786338E+02
7.370000E+01     -6.795478E+02
7.380000E+01     -6.804599E+02
7.390000E+01     -6.813701E+02
7.400000E+01     -6.822784E+02
7.410000E+01     -6.831849E+02
7.420000E+01     -6.840896E+02
7.430000E+01     -6.849925E+02
7.440000E+01     -6.858938E+02
7.450000E+01     -6.867933E+02
7.460000E+01     -6.876912E+02
7.470000E+01     -6.885875E+02
7.480000E+01     -6.894823E+02
7.490000E+01     -6.903755E+02
7.500000E+01     -6.912674E+02
7.510000E+01     -6.921578E+02
7.520000E+01     -6.930469E+02
7.530000E+01     -6.939347E+02
7.540000E+01     -6.948213E+02
7.550000E+01     -6.957067E+02
7.560000E+01     -6.965910E+02
7.570000E+01     -6.974743E+02
7.580000E+01     -6.983567E+02
7.590000E+01     -6.992381E+02
7.600000E+01     -7.001186E+02
7.610000E+01     -7.009984E+02
7.620000E+01     -7.018775E+02
7.630000E+01     -7.027560E+02
7.640000E+01     -7.036338E+02
7.650000E+01     -7.045112E+02
7.660000E+01     -7.053882E+02
7.670000E+01     -7.062647E+02
7.680000E+01     -7.071410E+02
7.690000E+01     -7.080171E+02
7.700000E+01     -7.088930E+02
7.710000E+01     -7.097688E+02
7.720000E+01     -7.106446E+02
7.730000E+01     -7.115204E+02
7.740000E+01     -7.123964E+02
7.750000E+01     -7.132725E+02
7.760000E+01     -7.141489E+02
7.770000E+01     -7.150256E+02
7.780000E+01     -7.159026E+02
7.790000E+01     -7.167801E+02
7.800000E+01     -7.176581E+02
7.810000E+01     -7.185367E+02
7.820000E+01     -7.194159E+02
7.830000E+01     -7.202957E+02
7.840000E+01     -7.211763E+02
7.850000E+01     -7.220577E+02
7.860000E+01     -7.229399E+02
7.870000E+01     -7.238229E+02
7.880000E+01     -7.247069E+02
7.890000E+01     -7.255919E+02
7.900000E+01     -7.264780E+02
7.910000E+01     -7.273650E+02
7.920000E+01     -7.282532E+02
7.930000E+01     -7.291425E+02
7.940000E+01     -7.300331E+02
7.950000E+01     -7.309248E+02
7.960000E+01     -7.318177E+02
7.970000E+01     -7.327120E+02
7.980000E+01     -7.336075E+02
7.990000E+01     -7.345044E+02
8.000000E+01     -7.354026E+02
8.010000E+01     -7.363022E+02
8.020000E+01     -7.372032E+02
8.030000E+01     -7.381055E+02
8.040000E+01     -7.390093E+02
8.050000E+01     -7.399145E+02
8.060000E+01     -7.408211E+02
8.070000E+01     -7.417292E+02
8.080000E+01     -7.426387E+02
8.090000E+01     -7.435497E+02
8.100000E+01     -7.444620E+02
8.110000E+01     -7.453758E+02
8.120000E+01     -7.462911E+02
8.130000E+01     -7.472077E+02
8.140000E+01     -7.481258E+02
8.150000E+01     -7.490452E+02
8.160000E+01     -7.499661E+02
8.170000E+01     -7.508883E+02
8.180000E+01     -7.518118E+02
8.190000E+01     -7.527366E+02
8.200000E+01     -7.536628E+02
8.210000E+01     -7.545902E+02
8.220000E+01     -7.555188E+02
8.230000E+01     -7.564487E+02
8.240000E+01     -7.573798E+02
8.250000E+01     -7.583120E+02
8.260000E+01     -7.592453E+02
8.270000E+01     -7.601797E+02
8.280000E+01     -7.611151E+02
8.290000E+01     -7.620516E+02
8.300000E+01     -7.629890E+02
8.310000E+01     -7.639273E+02
8.320000E+01     -7.648665E+02
8.330000E+01     -7.658066E+02
8.340000E+01     -7.667474E+02
8.350000E+01     -7.676890E+02
8.360000E+01     -7.686313E+02
8.370000E+01     -7.695742E+02
8.380000E+01     -7.705178E+02
8.390000E+01     -7.714619E+02
8.400000E+01     -7.724065E+02
8.410000E+01     -7.733516E+02
8.420000E+01     -7.742971E+02
8.430000E+01     -7.752429E+02
8.440000E+01     -7.761891E+02
8.450000E+01     -7.771355E+02
8.460000E+01     -7.780822E+02
8.470000E+01     -7.790290E+02
8.480000E+01     -7.799759E+02
8.490000E+01     -7.809229E+02
8.500000E+01     -7.818698E+02
8.510000E+01     -7.828168E+02
8.520000E+01     -7.837637E+02
8.530000E+01     -7.847104E+02
8.540000E+01     -7.856570E+02
8.550000E+01     -7.866033E+02
8.560000E+01     -7.875494E+02
8.570000E+01     -7.884951E+02
8.580000E+01     -7.894405E+02
8.590000E+01     -7.903855E+02
8.600000E+01     -7.913300E+02
8.610000E+01     -7.922740E+02
8.620000E+01     -7.932175E+02
8.630000E+01     -7.941605E+02
8.640000E+01     -7.951028E+02
8.650000E+01     -7.960446E+02
8.660000E+01     -7.969856E+02
8.670000E+01     -7.979259E+02
8.680000E+01     -7.988655E+02
8.690000E+01     -7.998043E+02
8.700000E+01     -8.007423E+02
8.710000E+01     -8.016795E+02
8.720000E+01     -8.026159E+02
8.730000E+01     -8.035513E+02
8.740000E+01     -8.044859E+02
8.750000E+01     -8.054195E+02
8.760000E+01     -8.063522E+02
8.770000E+01     -8.072840E+02
8.780000E+01     -8.082147E+02
8.790000E+01     -8.091445E+02
8.800000E+01     -8.100733E+02
8.810000E+01     -8.110011E+02
8.820000E+01     -8.119278E+02
8.830000E+01     -8.128535E+02
8.840000E+01     -8.137782E+02
8.850000E+01     -8.147019E+02
8.860000E+01     -8.156245E+02
8.870000E+01     -8.165461E+02
8.880000E+01     -8.174666E+02
8.890000E+01     -8.183861E+02
8.900000E+01     -8.193046E+02
8.910000E+01     -8.202221E+02
8.920000E+01     -8.211385E+02
8.930000E+01     -8.220540E+02
8.940000E+01     -8.229684E+02
8.950000E+01     -8.238819E+02
8.960000E+01     -8.247943E+02
8.970000E+01     -8.257059E+02
8.980000E+01     -8.266165E+02
8.990000E+01     -8.275262E+02
9.000000E+01     -8.284350E+02
9.010000E+01     -8.293429E+02
9.020000E+01     -8.302500E+02
9.030000E+01     -8.311562E+02
9.040000E+01     -8.320616E+02
9.050000E+01     -8.329663E+02
9.060000E+01     -8.338702E+02
9.070000E+01     -8.347733E+02
9.080000E+01     -8.356758E+02
9.090000E+01     -8.365776E+02
9.100000E+01     -8.374788E+02
9.110000E+01     -8.383794E+02
9.120000E+01     -8.392794E+02
9.130000E+01     -8.401788E+02
9.140000E+01     -8.410778E+02
9.150000E+01     -8.419763E+02
9.160000E+01     -8.428743E+02
9.170000E+01     -8.437720E+02
9.180000E+01     -8.446693E+02
9.190000E+01     -8.455662E+02
9.200000E+01     -8.464629E+02
9.210000E+01     -8.473592E+02
9.220000E+01     -8.482554E+02
9.230000E+01     -8.491514E+02
9.240000E+01     -8.500472E+02
9.250000E+01     -8.509429E+02
9.260000E+01     -8.518385E+02
9.270000E+01     -8.527341E+02
9.280000E+01     -8.536297E+02
9.290000E+01     -8.545253E+02
9.300000E+01     -8.554210E+02
9.310000E+01     -8.563167E+02
9.320000E+01     -8.572126E+02
9.330000E+01     -8.581087E+02
9.340000E+01     -8.590049E+02
9.350000E+01     -8.599014E+02
9.360000E+01     -8.607982E+02
9.370000E+01     -8.616952E+02
9.380000E+01     -8.625926E+02
9.390000E+01     -8.634903E+02
9.400000E+01     -8.643884E+02
9.410000E+01     -8.652869E+02
9.420000E+01     -8.661858E+02
9.430000E+01     -8.670852E+02
9.440000E+01     -8.679851E+02
9.450000E+01     -8.688855E+02
9.460000E+01     -8.697864E+02
9.470000E+01     -8.706879E+02
9.480000E+01     -8.715900E+02
9.490000E+01     -8.724927E+02
9.500000E+01     -8.733960E+02
9.510000E+01     -8.742999E+02
9.520000E+01     -8.752044E+02
9.530000E+01     -8.761097E+02
9.540000E+01     -8.770156E+02
9.550000E+01     -8.779222E+02
9.560000E+01     -8.788295E+02
9.570000E+01     -8.797375E+02
9.580000E+01     -8.806463E+02
9.590000E+01     -8.815557E+02
9.600000E+01     -8.824659E+02
9.610000E+01     -8.833769E+02
9.620000E+01     -8.842886E+02
9.630000E+01     -8.852010E+02
9.640000E+01     -8.861142E+02
9.650000E+01     -8.870282E+02
9.660000E+01     -8.879429E+02
9.670000E+01     -8.888583E+02
9.680000E+01     -8.897745E+02
9.690000E+01     -8.906914E+02
9.700000E+01     -8.916090E+02
9.710000E+01     -8.925274E+02
9.720000E+01     -8.934465E+02
9.730000E+01     -8.943663E+02
9.740000E+01     -8.952868E+02
9.750000E+01     -8.962080E+02
9.760000E+01     -8.971299E+02
9.770000E+01     -8.980524E+02
9.780000E+01     -8.989756E+02
9.790000E+01     -8.998994E+02
9.800000E+01     -9.008238E+02
9.810000E+01     -9.017488E+02
9.820000E+01     -9.026744E+02
9.830000E+01     -9.036006E+02
9.840000E+01     -9.045273E+02
9.850000E+01     -9.054545E+02
9.860000E+01     -9.063823E+02
9.870000E+01     -9.073105E+02
9.880000E+01     -9.082391E+02
9.890000E+01     -9.091682E+02
9.900000E+01     -9.100978E+02
9.910000E+01     -9.110277E+02
9.920000E+01     -9.119579E+02
9.930000E+01     -9.128885E+02
9.940000E+01     -9.138195E+02
9.950000E+01     -9.147507E+02
9.960000E+01     -9.156822E+02
9.970000E+01     -9.166139E+02
9.980000E+01     -9.175458E+02
9.990000E+01     -9.184779E+02
